0	0	9.30
0	0	8.80
0	0	8.30
0	0	8.10
0	0	7.90
0	0	7.70
0	0	7.60
0	0	7.50
0	4	7.70
7	43	9.10
39	63	10.40
73	72	11.50
92	85	12.20
141	90	12.60
109	79	12.60
53	43	12.10
11	1	11.40
0	0	10.70
0	0	10.10
0	0	9.50
0	0	8.90
0	0	8.30
0	0	7.60
0	0	7.00
0	0	5.80
0	0	4.40
0	0	3.10
0	0	2.30
0	0	1.60
0	0	0.80
0	0	0.30
0	0	-0.30
0	5	-0.30
5	35	1.50
33	43	3.00
71	47	4.40
104	46	5.20
110	45	5.60
96	57	5.60
43	41	4.80
11	5	3.50
0	0	3.00
0	0	2.50
0	0	2.00
0	0	1.60
0	0	1.10
0	0	0.60
0	0	0.10
0	0	0.20
0	0	0.40
0	0	0.60
0	0	0.70
0	0	0.80
0	0	0.90
0	0	1.00
0	0	1.10
0	3	1.30
2	54	2.90
12	95	4.30
16	120	5.20
22	127	5.90
29	115	6.30
26	87	6.30
20	43	5.90
7	1	5.10
0	0	4.80
0	0	4.60
0	0	4.40
0	0	4.20
0	0	3.90
0	0	3.70
0	0	3.50
0	0	3.10
0	0	2.40
0	0	2.00
0	0	1.80
0	0	1.50
0	0	1.30
0	0	1.10
0	0	0.90
0	4	0.90
4	39	1.40
20	67	1.80
37	75	2.00
52	84	2.10
40	73	2.20
39	55	2.10
28	27	1.90
9	1	1.60
0	0	1.30
0	0	1.10
0	0	0.80
0	0	0.60
0	0	0.30
0	0	0.00
0	0	-0.60
0	0	-0.30
0	0	-0.30
0	0	-0.30
0	0	-0.40
0	0	-0.30
0	0	-0.30
0	0	-0.30
0	0	-0.30
0	2	-0.20
2	35	0.60
18	63	1.40
29	84	2.10
35	92	2.50
47	84	2.80
36	66	2.90
21	33	2.60
9	1	2.10
0	0	1.80
0	0	1.50
0	0	1.20
0	0	0.90
0	0	0.50
0	0	0.30
0	0	-0.30
0	0	-0.40
0	0	-0.90
0	0	-1.40
0	0	-1.70
0	0	-1.90
0	0	-2.10
0	0	-2.30
0	0	-2.50
0	2	-2.50
4	40	-1.90
26	73	-1.30
57	92	-0.90
67	100	-0.60
64	97	-0.50
51	74	-0.50
35	39	-0.70
13	2	-1.20
0	0	-1.40
0	0	-1.70
0	0	-1.90
0	0	-2.20
0	0	-2.50
0	0	-2.70
0	0	-3.00
0	0	-3.00
0	0	-3.10
0	0	-3.10
0	0	-3.10
0	0	-3.10
0	0	-3.10
0	0	-3.10
0	0	-3.10
0	5	-2.80
3	52	-0.90
21	105	0.80
44	117	2.30
46	128	3.40
53	108	4.00
51	103	3.90
35	55	3.10
12	2	2.00
0	0	1.70
0	0	1.40
0	0	1.10
0	0	0.80
0	0	0.50
0	0	0.10
0	0	-0.20
0	0	-0.80
0	0	-1.20
0	0	-1.70
0	0	-2.00
0	0	-2.30
0	0	-2.60
0	0	-2.80
0	0	-3.00
0	2	-3.00
5	41	-2.30
33	49	-2.00
63	33	-2.10
90	30	-2.10
67	121	-1.20
39	82	-0.80
31	50	-0.70
15	8	-1.20
0	0	-1.60
0	0	-2.00
0	0	-2.30
0	0	-2.70
0	0	-3.00
0	0	-3.40
0	0	-3.80
0	0	-4.00
0	0	-4.20
0	0	-4.40
0	0	-4.50
0	0	-4.60
0	0	-4.80
0	0	-4.90
0	0	-4.90
0	3	-4.80
3	42	-4.00
24	74	-3.30
37	99	-2.70
56	96	-2.30
58	86	-2.20
56	80	-2.10
63	36	-2.40
25	2	-3.00
0	0	-3.10
0	0	-3.20
0	0	-3.50
0	0	-3.50
0	0	-3.50
0	0	-3.60
0	0	-3.80
0	0	-3.80
0	0	-3.80
0	0	-3.90
0	0	-3.90
0	0	-3.90
0	0	-3.90
0	0	-3.90
0	0	-3.90
0	3	-3.80
5	35	-3.00
43	66	-2.20
83	82	-1.60
64	74	-1.30
81	81	-1.00
65	60	-1.00
46	38	-1.20
13	4	-1.70
0	0	-1.90
0	0	-2.10
0	0	-2.50
0	0	-2.20
0	0	-2.40
0	0	-2.50
0	0	-2.60
0	0	-2.80
0	0	-2.90
0	0	-3.00
0	0	-3.10
0	0	-3.10
0	0	-3.10
0	0	-3.10
0	0	-3.20
0	2	-3.00
3	55	-1.60
33	103	-0.30
71	135	0.90
82	148	1.70
80	137	2.20
69	101	2.30
47	57	1.90
19	4	1.10
0	0	0.50
0	0	-0.10
0	0	-0.60
0	0	-1.20
0	0	-1.80
0	0	-2.40
0	0	-2.90
0	0	-4.00
0	0	-5.40
0	0	-6.70
0	0	-7.50
0	0	-8.20
0	0	-9.00
0	0	-9.60
0	0	-10.20
0	13	-10.10
3	61	-9.40
19	85	-8.70
37	112	-7.80
44	130	-7.50
37	121	-8.00
25	104	-8.30
33	72	-8.80
17	6	-9.70
0	0	-9.90
0	0	-10.20
0	0	-10.50
0	0	-10.70
0	0	-11.00
0	0	-11.30
0	0	-11.50
0	0	-11.10
0	0	-10.80
0	0	-9.70
0	0	-9.20
0	0	-8.80
0	0	-8.40
0	0	-8.10
0	0	-7.80
0	2	-7.50
11	28	-6.20
68	54	-5.00
102	63	-4.10
102	67	-3.40
113	58	-3.10
119	45	-3.00
85	24	-3.30
31	2	-3.90
0	0	-3.80
0	0	-3.80
0	0	-3.80
0	0	-3.80
0	0	-3.90
0	0	-3.70
0	0	-3.70
0	0	-4.10
0	0	-4.50
0	0	-4.90
0	0	-5.10
0	0	-5.40
0	0	-5.60
0	0	-5.80
0	0	-5.90
0	2	-5.90
9	40	-5.40
71	72	-4.60
147	93	-4.10
182	104	-3.80
177	96	-3.60
147	81	-3.60
97	47	-3.80
44	4	-4.20
1	0	-4.70
0	0	-5.00
0	0	-5.40
0	0	-5.80
0	0	-6.10
0	0	-6.50
0	0	-6.90
0	0	-7.50
0	0	-7.50
0	0	-7.80
0	0	-8.00
0	0	-8.20
0	0	-8.30
0	0	-8.50
0	0	-8.60
0	2	-8.50
7	47	-7.70
46	73	-7.10
103	101	-6.60
120	105	-6.20
92	95	-6.10
80	47	-6.30
60	38	-6.60
28	6	-7.00
1	0	-7.10
0	0	-7.10
0	0	-7.20
0	0	-7.30
0	0	-7.30
0	0	-7.30
0	0	-7.40
0	0	-7.30
0	0	-7.20
0	0	-7.10
0	0	-6.90
0	0	-6.80
0	0	-6.70
0	0	-6.60
0	0	-6.50
0	3	-6.30
6	14	-5.90
43	25	-5.50
86	33	-5.20
119	35	-4.90
144	137	-2.50
140	63	-1.20
96	77	-0.80
36	10	-1.60
1	0	-1.80
0	0	-1.90
0	0	-2.10
0	0	-2.30
0	0	-2.40
0	0	-2.60
0	0	-2.70
0	0	-3.20
0	0	-3.60
0	0	-4.10
0	0	-4.30
0	0	-4.50
0	0	-4.80
0	0	-4.90
0	0	-5.10
0	5	-4.90
8	77	-2.20
58	47	0.30
101	55	2.50
139	54	3.90
150	55	4.60
146	62	4.60
81	83	3.60
40	4	1.80
2	0	1.60
0	0	1.30
0	0	1.10
0	0	0.80
0	0	0.60
0	0	0.30
0	0	0.10
0	0	-0.10
0	0	-0.20
0	0	-0.40
0	0	-0.40
0	0	-0.50
0	0	-0.50
0	0	-0.50
0	0	-0.60
0	3	-0.40
12	14	-0.10
51	25	0.30
80	40	0.60
66	54	1.00
85	145	3.60
90	46	4.90
60	86	5.30
22	18	4.40
1	0	4.20
0	0	4.00
0	0	3.80
0	0	3.70
0	0	3.50
0	0	3.30
0	0	3.10
0	0	2.80
0	0	2.50
0	0	2.20
0	0	2.10
0	0	2.00
0	0	1.80
0	0	1.80
0	0	1.70
0	3	1.80
8	12	2.10
36	22	2.30
46	28	2.60
47	31	2.70
26	135	5.00
20	62	6.50
25	116	7.10
10	25	6.30
1	0	6.00
0	0	5.60
0	0	5.30
0	0	4.90
0	0	4.50
0	0	4.20
0	0	3.80
0	0	3.40
0	0	2.90
0	0	2.40
0	0	2.10
0	0	1.80
0	0	1.50
0	0	1.40
0	0	1.20
0	3	1.30
18	21	1.60
73	24	1.70
119	42	2.00
156	55	2.20
168	136	4.10
146	67	4.90
107	81	5.10
33	15	4.40
2	0	4.20
0	0	4.10
0	0	3.90
0	0	3.70
0	0	3.60
0	0	3.40
0	0	3.30
0	0	3.30
0	0	3.30
0	0	3.40
0	0	3.40
0	0	3.50
0	0	3.50
0	0	3.60
0	0	3.60
0	3	3.80
20	51	5.50
104	112	7.10
190	148	8.60
216	170	9.80
194	159	10.60
137	119	10.70
78	70	10.20
38	8	9.10
4	0	8.80
0	0	8.40
0	0	8.10
0	0	7.70
0	0	7.30
0	0	7.00
0	0	6.60
0	0	6.00
0	0	5.50
0	0	4.90
0	0	4.70
0	0	4.40
0	0	4.20
0	0	4.00
0	0	3.90
0	5	4.10
14	66	6.00
19	123	7.50
47	117	9.20
76	144	10.30
84	97	11.70
59	45	12.30
44	108	12.20
30	18	10.90
4	0	10.00
0	0	9.20
0	0	8.30
0	0	7.40
0	0	6.60
0	0	5.70
0	0	4.90
0	0	3.90
0	0	2.80
0	0	1.80
0	0	1.20
0	0	0.70
0	0	0.10
0	0	-0.20
0	0	-0.60
0	16	0.00
4	102	3.20
22	67	6.00
36	72	8.10
51	74	9.70
62	73	10.60
56	66	10.70
54	109	9.90
27	26	7.90
2	0	6.70
0	0	5.50
0	0	4.30
0	0	3.10
0	0	1.90
0	0	0.70
0	0	-0.50
0	0	-1.60
0	0	-2.80
0	0	-4.00
0	0	-4.70
0	0	-5.40
0	0	-6.10
0	0	-6.60
0	0	-7.10
0	9	-6.90
7	69	-4.90
35	72	-2.90
81	118	-1.60
133	150	-0.90
121	97	0.10
117	57	0.40
60	110	0.20
23	39	-1.30
2	0	-1.60
0	0	-1.90
0	0	-2.10
0	0	-2.40
0	0	-2.70
0	0	-3.00
0	0	-3.30
0	0	-2.90
0	0	-2.50
0	0	-2.10
0	0	-1.80
0	0	-1.60
0	0	-1.30
0	0	-1.10
0	0	-1.00
0	4	-0.70
18	17	0.10
68	32	-0.10
141	41	1.10
168	42	1.80
123	38	2.00
110	31	1.90
94	23	2.10
51	8	1.40
6	0	1.30
0	0	1.40
0	0	1.50
0	0	1.50
0	0	1.50
0	0	1.60
0	0	1.70
0	0	1.40
0	0	1.20
0	0	1.00
0	0	0.90
0	0	0.80
0	0	0.70
0	0	0.60
0	0	0.60
0	17	1.50
31	70	3.80
122	116	5.00
189	150	6.10
226	143	8.30
171	123	9.80
104	66	10.70
98	56	10.80
53	37	9.70
7	0	8.10
0	0	7.80
0	0	7.60
0	0	7.30
0	0	7.00
0	0	6.70
0	0	6.40
0	0	6.10
0	0	5.70
0	0	5.30
0	0	5.10
0	0	4.90
0	0	4.70
0	0	4.60
0	0	4.40
0	4	4.50
17	25	4.80
43	44	5.10
95	56	5.20
118	62	5.40
163	57	4.90
177	48	5.50
140	31	5.10
80	10	5.10
11	0	4.90
0	0	4.60
0	0	4.10
0	0	3.90
0	0	3.60
0	0	3.30
0	0	2.90
0	0	2.60
0	0	2.10
0	0	1.60
0	0	1.50
0	0	1.30
0	0	1.00
0	0	0.90
0	0	0.70
0	8	1.00
9	64	2.10
46	69	2.50
124	114	3.20
122	137	3.70
130	119	4.00
137	90	3.90
99	51	3.60
56	21	3.10
10	0	2.60
0	0	2.30
0	0	2.10
0	0	1.90
0	0	1.60
0	0	1.40
0	0	1.10
0	0	1.00
0	0	1.00
0	0	0.90
0	0	0.90
0	0	0.90
0	0	0.90
0	0	0.90
0	0	0.90
0	4	1.20
20	72	3.10
44	116	4.50
87	162	6.60
116	162	8.40
91	166	9.00
89	135	9.00
63	81	8.30
28	42	7.50
4	1	6.30
0	0	6.20
0	0	6.00
0	0	5.80
0	0	5.60
0	0	5.40
0	0	5.20
0	0	4.90
0	0	4.50
0	0	4.20
0	0	4.00
0	0	3.80
0	0	3.70
0	0	3.50
0	0	3.40
0	5	3.70
30	31	4.30
112	54	4.90
199	56	5.20
224	37	5.30
259	156	7.70
207	70	9.00
138	56	9.40
75	40	8.80
14	0	7.90
0	0	7.70
0	0	7.40
0	0	7.20
0	0	7.00
0	0	6.80
0	0	6.50
0	0	6.30
0	0	6.10
0	0	5.90
0	0	5.90
0	0	5.80
0	0	5.80
0	0	5.70
0	0	5.70
0	6	6.00
32	68	7.40
114	109	8.40
173	158	9.60
221	181	11.00
297	183	12.00
293	139	12.50
223	17	11.30
120	7	10.40
21	0	9.60
0	0	9.40
0	0	9.30
0	0	9.20
0	0	9.10
0	0	8.90
0	0	8.80
0	0	8.50
0	0	8.10
0	0	7.70
0	0	7.50
0	0	7.30
0	0	7.10
0	0	7.00
0	0	6.90
0	5	7.00
35	68	8.20
109	56	8.30
180	146	9.10
233	181	10.00
276	160	10.30
250	121	10.30
157	92	10.30
65	61	10.10
11	2	9.50
0	0	9.10
0	0	8.70
0	0	8.30
0	0	7.80
0	0	7.50
0	0	7.10
0	0	6.80
0	0	6.50
0	0	6.20
0	0	6.00
0	0	5.90
0	0	5.80
0	0	5.80
0	0	5.80
0	34	6.60
12	93	7.80
37	124	8.30
47	161	9.20
65	193	10.30
76	67	9.70
94	29	9.10
80	19	8.60
38	48	8.30
10	0	7.90
0	0	7.50
0	0	7.20
0	0	6.80
0	0	6.40
0	0	6.10
0	0	5.70
0	0	5.00
0	0	4.10
0	0	3.80
0	0	3.50
0	0	3.20
0	0	3.00
0	0	2.80
0	0	2.70
0	16	2.90
18	75	3.40
52	129	4.10
103	112	4.40
118	120	4.60
101	100	4.60
83	114	4.70
65	87	4.70
30	40	4.40
7	2	4.00
0	0	3.50
0	0	3.00
0	0	2.40
0	0	1.90
0	0	1.30
0	0	0.70
0	0	-0.10
0	0	-1.10
0	0	-2.10
0	0	-2.60
0	0	-3.20
0	0	-3.60
0	0	-3.90
0	0	-4.00
0	31	-3.40
12	88	-2.40
46	116	-1.70
101	142	-1.00
66	186	-0.80
52	171	-0.90
49	66	-1.50
61	19	-2.20
25	12	-2.80
4	1	-3.30
0	0	-3.20
0	0	-3.10
0	0	-3.00
0	0	-2.80
0	0	-2.70
0	0	-2.60
0	0	-2.30
0	0	-1.80
0	0	-1.40
0	0	-1.10
0	0	-1.00
0	0	-0.70
0	0	-0.40
0	0	-0.30
0	7	0.00
15	20	0.40
48	28	0.70
91	35	1.00
154	38	1.30
170	171	3.50
143	125	4.80
117	93	5.40
76	46	5.30
17	1	4.60
0	0	4.40
0	0	4.20
0	0	3.90
0	0	3.70
0	0	3.50
0	0	3.20
0	0	2.50
0	0	1.80
0	0	1.00
0	0	0.60
0	0	0.20
0	0	-0.10
0	0	-0.40
0	0	-0.50
0	6	-0.50
18	18	-0.40
48	27	-0.30
95	33	-0.30
188	48	-0.50
218	181	0.70
204	134	1.20
136	97	1.40
86	45	1.20
21	1	0.80
0	0	0.70
0	0	0.50
0	0	0.40
0	0	0.20
0	0	0.10
0	0	0.00
0	0	0.10
0	0	0.30
0	0	0.50
0	0	0.60
0	0	0.70
0	0	0.80
0	0	0.90
0	0	0.90
0	14	1.10
21	42	1.90
42	72	2.60
83	90	3.20
96	90	3.50
110	92	3.90
106	73	4.00
90	44	4.00
38	20	3.70
7	1	3.40
0	0	3.20
0	0	3.00
0	0	2.70
0	0	2.50
0	0	1.80
0	0	2.00
0	0	1.10
0	0	0.10
0	0	-1.00
0	0	-1.60
0	0	-2.10
0	0	-2.60
0	0	-3.00
0	0	-3.00
0	35	-2.70
22	96	-2.10
50	149	-1.50
57	185	-0.90
84	199	-0.60
84	184	-0.40
113	151	-0.40
97	103	-0.60
74	49	-1.00
20	1	-1.60
0	0	-2.10
0	0	-2.70
0	0	-3.30
0	0	-4.00
0	0	-4.50
0	0	-5.10
0	0	-5.30
0	0	-5.50
0	0	-5.80
0	0	-5.90
0	0	-6.00
0	0	-6.10
0	0	-6.20
0	0	-6.20
3	40	-5.30
61	104	-3.80
149	165	-2.40
230	205	-1.10
277	218	-0.20
291	208	0.30
216	173	0.50
155	119	0.30
65	55	-0.40
27	1	-1.40
0	0	-1.50
0	0	-1.70
0	0	-1.80
0	0	-2.00
0	0	-2.10
0	0	-2.20
0	0	-2.30
0	0	-2.60
0	0	-2.50
0	0	-2.60
0	0	-2.60
0	0	-2.60
0	0	-2.60
0	0	-2.50
3	10	-2.30
53	87	-1.30
115	118	-0.50
205	185	0.60
265	141	1.00
306	147	1.30
295	110	1.40
235	56	1.10
139	10	0.60
46	1	0.10
0	0	-0.20
0	0	-0.90
0	0	-0.80
0	0	-1.00
0	0	-1.30
0	0	-1.50
0	0	-1.90
0	0	-2.30
0	0	-2.70
0	0	-2.80
0	0	-3.00
0	0	-3.10
0	0	-3.30
0	0	-3.20
5	44	-2.30
80	109	-0.80
181	171	0.80
266	212	2.10
314	229	3.20
361	179	3.90
340	183	4.20
259	126	3.90
164	65	3.20
51	3	2.20
0	0	1.60
0	0	1.00
0	0	0.40
0	0	-0.20
0	0	-0.70
0	0	-1.30
0	0	-1.90
0	0	-2.60
0	0	-3.30
0	0	-3.70
0	0	-4.10
0	0	-4.40
0	0	-4.60
0	0	-4.70
5	49	-3.80
76	90	-2.30
192	127	-0.80
290	215	0.40
354	231	1.20
376	220	1.60
345	181	1.70
265	99	1.60
162	60	0.80
60	1	-0.30
0	0	-0.40
0	0	-0.40
0	0	-0.50
0	0	-0.60
0	0	-0.70
0	0	-0.80
0	0	-0.60
0	0	-0.30
0	0	0.10
0	0	0.20
0	0	0.40
0	0	0.60
0	0	0.70
0	0	0.80
7	34	1.70
91	87	2.90
199	127	4.00
284	150	4.90
346	160	5.60
358	153	6.10
274	132	6.30
227	93	6.30
134	41	5.80
52	2	5.20
0	0	4.80
0	0	4.10
0	0	3.90
0	0	3.40
0	0	2.90
0	0	2.60
0	0	1.10
0	0	-0.60
0	0	-2.30
0	0	-3.20
0	0	-4.10
0	0	-4.80
0	0	-5.40
0	1	-5.70
9	39	-5.50
99	96	-5.20
220	153	-5.00
323	195	-4.70
403	213	-4.60
424	192	-4.50
390	150	-4.70
311	101	-4.90
198	51	-5.30
70	2	-5.80
1	0	-6.40
0	0	-7.00
0	0	-7.60
0	0	-8.10
0	0	-8.70
0	0	-9.30
0	0	-9.20
0	0	-9.10
0	0	-9.00
0	0	-8.90
0	0	-8.90
0	0	-8.80
0	0	-8.80
0	1	-8.70
11	50	-7.20
103	101	-5.20
210	146	-3.40
313	163	-1.50
317	184	-0.30
278	185	0.50
245	141	0.90
168	91	0.90
91	70	0.10
25	6	-1.30
0	0	-1.40
0	0	-1.50
0	0	-1.70
0	0	-1.80
0	0	-1.90
0	0	-2.00
0	0	-2.20
0	0	-2.30
0	0	-2.50
0	0	-2.50
0	0	-2.60
0	0	-2.60
0	0	-2.60
0	4	-2.50
2	66	-0.60
25	65	-0.40
56	164	1.00
71	203	2.70
90	155	4.70
99	214	5.40
93	182	5.60
106	117	5.00
87	13	3.90
31	15	2.90
1	0	2.60
0	0	2.20
0	0	1.80
0	0	1.50
0	0	1.10
0	0	0.70
0	0	0.20
0	0	-0.30
0	0	-0.90
0	0	-1.10
0	0	-1.40
0	0	-1.60
0	0	-1.70
0	2	-1.70
3	37	0.40
28	45	3.00
71	49	5.40
87	50	7.50
96	52	9.10
103	50	10.20
104	50	10.70
59	46	10.50
37	85	9.40
18	9	7.60
0	0	6.70
0	0	5.80
0	0	5.00
0	0	4.10
0	0	3.20
0	0	2.30
0	0	1.40
0	0	0.50
0	0	-0.50
0	0	-1.00
0	0	-1.60
0	0	-1.90
0	0	-2.30
0	1	-2.40
9	50	-1.70
76	119	-0.80
169	174	0.10
280	209	0.80
345	214	1.30
352	210	1.50
304	189	1.70
229	133	1.60
129	70	1.10
57	6	0.40
2	0	-0.20
0	0	-0.70
0	0	-1.20
0	0	-1.80
0	0	-2.30
0	0	-2.80
0	0	-3.00
0	0	-3.20
0	0	-3.40
0	0	-3.40
0	0	-3.50
0	0	-3.60
0	0	-3.60
0	3	-3.50
12	40	-1.20
89	52	1.40
186	56	3.90
279	66	6.10
289	59	7.80
261	57	8.90
249	61	9.50
211	54	9.20
149	86	8.00
70	10	6.20
3	0	5.90
0	0	5.70
0	0	5.40
0	0	5.10
0	0	4.80
0	0	4.60
0	0	4.30
0	0	4.00
0	0	3.70
0	0	3.50
0	0	3.30
0	0	3.20
0	0	3.10
0	2	3.20
16	50	4.00
103	117	5.20
185	156	6.10
286	187	6.90
325	197	7.50
339	189	7.90
345	169	8.00
280	115	7.90
190	57	7.30
79	3	6.50
4	0	6.40
0	0	6.10
0	0	5.80
0	0	5.60
0	0	5.30
0	0	5.00
0	0	4.80
0	0	4.70
0	0	4.70
0	0	4.70
0	0	4.70
0	0	4.70
0	0	4.70
0	3	4.90
20	50	6.80
121	73	9.10
245	61	11.60
341	61	13.60
404	63	15.20
422	99	15.10
391	118	15.10
317	103	15.10
208	86	15.10
87	3	13.70
5	0	13.20
0	0	12.60
0	0	12.10
0	0	11.50
0	0	11.00
0	0	10.40
0	0	9.40
0	0	8.40
0	0	7.30
0	0	6.80
0	0	6.30
0	0	5.90
0	0	5.50
0	5	5.70
24	80	7.20
131	118	8.80
244	126	10.70
349	130	12.30
412	208	13.30
423	146	14.30
403	151	14.60
330	144	14.10
215	88	13.30
93	3	12.00
7	0	10.80
0	0	9.60
0	0	8.40
0	0	7.30
0	0	6.10
0	0	4.90
0	0	3.90
0	0	2.80
0	0	1.70
0	0	1.10
0	0	0.50
0	0	0.10
0	0	-0.30
0	4	-0.30
25	79	1.80
124	57	4.10
234	61	6.30
298	70	8.10
348	91	9.50
408	114	10.10
378	109	10.40
310	54	10.20
204	91	9.20
90	19	7.60
7	0	6.60
0	0	5.70
0	0	4.70
0	0	3.70
0	0	2.80
0	0	1.80
0	0	1.20
0	0	0.50
0	0	-0.20
0	0	-0.50
0	0	-0.90
0	0	-1.10
0	0	-1.40
0	7	-1.20
27	82	1.40
130	48	4.10
253	49	6.70
341	53	8.90
422	55	10.60
434	54	11.60
402	50	12.00
325	47	11.80
216	94	10.50
97	18	8.60
9	0	8.00
0	0	7.30
0	0	6.70
0	0	6.10
0	0	5.40
0	0	4.80
0	0	4.30
0	0	3.90
0	0	3.50
0	0	3.20
0	0	3.00
0	0	2.90
0	0	2.70
0	2	2.80
31	12	2.70
143	24	3.20
266	34	3.40
366	41	3.60
428	53	3.70
446	229	5.50
415	226	6.50
339	167	7.00
227	83	7.00
102	15	6.50
10	0	5.90
0	0	5.20
0	0	4.60
0	0	4.00
0	0	3.30
0	0	2.70
0	0	2.00
0	0	1.30
0	0	0.50
0	0	0.10
0	0	-0.30
0	0	-0.60
0	0	-0.90
0	3	-0.90
14	29	-0.60
80	37	-0.30
123	33	-0.30
164	76	0.00
147	105	0.30
165	220	2.00
171	161	3.10
146	112	3.60
160	84	3.50
76	21	2.80
9	0	2.80
0	0	2.80
0	0	2.90
0	0	2.90
0	0	2.90
0	0	2.90
0	0	3.20
0	0	3.50
0	0	3.80
0	0	3.90
0	0	4.10
0	0	4.20
0	0	4.40
0	2	4.50
10	22	5.10
44	47	5.80
83	58	6.20
139	79	6.80
160	82	7.20
193	81	7.50
216	70	7.60
186	51	7.40
134	30	7.40
67	4	7.10
9	0	6.80
0	0	6.70
0	0	6.40
0	0	6.10
0	0	5.20
0	0	5.40
0	0	5.10
0	0	4.40
0	0	3.70
0	0	3.30
0	0	2.90
0	0	2.70
0	0	2.40
0	6	2.50
26	73	3.90
83	133	5.10
128	202	6.50
144	231	7.60
162	239	9.50
154	252	10.20
145	210	10.40
119	155	10.40
99	107	10.30
47	48	9.20
6	0	8.40
0	0	7.70
0	0	6.90
0	0	6.10
0	0	5.40
0	0	4.60
0	0	4.10
0	0	3.50
0	0	2.90
0	0	2.60
0	0	2.30
0	0	2.10
0	0	1.90
0	12	2.20
14	78	3.20
52	70	3.40
128	201	4.70
154	226	6.20
213	283	7.20
261	267	7.70
310	233	8.00
258	148	8.10
193	90	7.50
100	5	6.50
15	0	5.70
0	0	5.30
0	0	4.80
0	0	4.40
0	0	4.00
0	0	3.50
0	0	3.00
0	0	2.90
0	0	2.60
0	0	2.40
0	0	2.30
0	0	2.20
0	0	2.10
0	7	2.30
47	62	3.00
155	151	4.20
274	209	5.60
360	267	6.60
427	267	7.30
461	185	7.20
437	185	7.10
377	86	6.60
260	23	5.90
128	5	5.30
19	0	4.70
0	0	4.30
0	0	4.00
0	0	3.60
0	0	3.30
0	0	2.90
0	0	2.50
0	0	2.10
0	0	1.70
0	0	1.40
0	0	1.20
0	0	1.10
0	0	0.90
0	7	1.00
48	58	1.60
158	85	1.90
275	110	2.20
387	136	2.50
462	129	2.70
496	122	2.70
462	103	2.70
381	71	2.60
264	46	2.40
130	16	2.10
21	0	1.80
0	0	1.40
0	0	0.90
0	0	0.20
0	0	0.30
0	0	0.00
0	0	-0.20
0	0	-0.50
0	0	-0.70
0	0	-0.80
0	0	-0.90
0	0	-1.00
0	0	-1.10
0	6	-0.90
17	40	-0.60
48	62	-0.40
87	105	0.40
142	149	0.90
157	153	1.30
182	144	1.60
147	135	1.70
109	113	1.70
69	72	1.60
32	23	1.30
5	0	0.90
0	0	0.50
0	0	0.10
0	0	-0.30
0	0	-0.70
0	0	-1.10
0	0	-1.50
0	0	-1.80
0	0	-2.20
0	0	-2.40
0	0	-2.60
0	0	-2.70
0	0	-2.90
0	28	-2.20
65	97	-0.10
195	154	1.00
317	165	3.20
401	166	4.80
448	258	4.80
495	229	4.60
468	254	4.80
371	58	3.60
247	18	2.50
137	6	1.50
26	0	0.70
0	0	0.60
0	0	0.60
0	0	0.50
0	0	0.40
0	0	0.30
0	0	0.00
0	0	0.30
0	0	0.30
0	0	0.30
0	0	0.30
0	0	0.40
0	0	0.40
1	4	0.60
70	50	1.30
203	110	2.20
331	142	3.00
358	175	3.60
263	217	4.30
196	234	4.90
124	219	5.40
139	170	5.60
152	44	5.10
61	17	4.50
14	0	4.00
0	0	3.50
0	0	3.10
0	0	2.70
0	0	2.30
0	0	1.90
0	0	1.30
0	0	0.70
0	0	0.00
0	0	-0.30
0	0	-0.70
0	0	-0.90
0	0	-1.20
1	30	-0.30
58	105	1.70
166	146	2.20
303	227	3.40
241	281	4.40
254	269	5.10
227	263	5.90
200	210	5.70
163	170	5.70
111	91	5.50
63	46	4.80
15	1	3.80
0	0	2.80
0	0	1.80
0	0	0.90
0	0	-0.10
0	0	-1.00
0	0	-1.90
0	0	-3.00
0	0	-4.10
0	0	-4.70
0	0	-5.30
0	0	-5.80
0	0	-6.00
3	32	-5.40
84	45	-4.20
224	53	-2.70
362	58	-1.30
466	65	-0.10
523	66	0.90
541	64	1.40
498	60	1.60
401	54	1.50
288	47	0.80
155	33	-0.40
34	0	-1.60
0	0	-2.60
0	0	-3.50
0	0	-4.40
0	0	-5.30
0	0	-6.30
0	0	-6.30
0	0	-6.40
0	0	-6.40
0	0	-6.50
0	0	-6.60
0	0	-6.70
0	0	-6.70
3	28	-5.70
65	43	-3.80
178	50	-1.60
259	56	0.50
339	64	2.40
375	70	3.80
406	68	4.80
396	62	5.30
362	57	5.30
290	48	4.50
166	30	3.20
38	1	1.60
0	0	0.80
0	0	-0.10
0	0	-0.90
0	0	-1.80
0	0	-2.60
0	0	-3.10
0	0	-3.60
0	0	-4.20
0	0	-4.40
0	0	-4.70
0	0	-4.90
0	0	-4.90
5	41	-3.80
92	66	-1.80
234	105	0.30
370	115	2.30
477	122	4.20
543	103	5.80
560	80	6.90
520	78	7.50
438	72	7.50
282	60	6.80
144	40	5.50
31	0	3.90
0	0	3.50
0	0	3.00
0	0	2.60
0	0	2.10
0	0	1.70
0	0	1.40
0	0	1.00
0	0	0.70
0	0	0.60
0	0	0.50
0	0	0.40
0	0	0.40
1	13	0.60
10	47	1.20
26	83	1.80
42	174	2.80
41	228	3.90
96	241	4.70
119	253	5.50
239	246	6.40
221	162	7.00
201	84	7.30
130	38	6.90
31	3	6.10
0	0	5.50
0	0	4.90
0	0	4.30
0	0	3.80
0	0	3.20
0	0	2.50
0	0	1.80
0	0	1.10
0	0	0.80
0	0	0.40
0	0	0.20
0	2	0.20
3	40	1.20
75	119	2.80
197	33	2.40
313	70	2.30
367	194	3.00
429	277	4.00
480	320	6.20
451	242	6.60
393	128	6.10
242	76	5.50
149	62	5.00
43	4	4.20
0	0	3.80
0	0	3.40
0	0	3.00
0	0	2.60
0	0	2.20
0	0	1.90
0	0	1.50
0	0	1.20
0	0	1.00
0	0	0.90
0	0	0.70
0	1	0.80
7	41	1.70
72	117	2.90
127	184	4.20
147	164	4.60
149	258	5.50
158	285	6.40
99	276	7.00
162	242	7.30
174	188	7.30
106	68	6.60
142	9	5.80
45	1	5.00
0	0	4.60
0	0	4.30
0	0	3.90
0	0	3.50
0	0	3.00
0	0	2.70
0	0	2.30
0	0	2.00
0	0	1.80
0	0	1.60
0	0	1.50
0	0	1.50
3	16	1.80
33	45	2.20
67	113	3.00
100	171	4.00
173	263	6.00
238	231	8.10
337	280	9.00
329	229	9.10
260	197	9.30
233	119	9.10
147	66	8.60
44	4	7.60
0	0	7.10
0	0	6.60
0	0	6.20
0	0	5.70
0	0	5.20
0	0	4.70
0	0	4.20
0	0	3.70
0	0	3.40
0	0	3.20
0	0	3.00
0	0	3.00
11	42	3.60
51	110	4.60
150	182	5.80
135	227	6.80
206	259	7.60
251	288	8.40
241	268	8.80
214	240	9.10
147	188	9.10
135	127	8.80
102	46	8.10
37	1	7.30
0	0	6.70
0	0	6.40
0	0	5.90
0	0	5.40
0	0	5.00
0	0	4.70
0	0	4.30
0	0	4.00
0	0	3.80
0	0	3.60
0	0	3.50
0	1	3.50
8	44	4.20
38	118	5.30
175	181	6.40
220	239	7.60
228	274	8.40
246	278	9.20
251	268	9.70
255	229	9.90
212	176	9.80
225	107	9.30
141	47	8.60
47	1	7.80
0	0	7.60
0	0	7.30
0	0	7.00
0	0	6.80
0	0	6.50
0	0	6.30
0	0	6.30
0	0	6.20
0	0	6.20
0	0	6.20
0	0	6.20
0	1	6.30
9	42	8.00
48	72	10.20
88	82	12.70
171	89	15.00
232	101	17.00
279	137	18.60
334	148	19.60
354	151	19.00
316	155	19.90
244	109	19.20
151	51	17.90
55	1	16.50
0	0	15.40
0	0	14.30
0	0	13.30
0	0	12.20
0	0	11.20
0	0	9.70
0	0	8.20
0	0	6.60
0	0	5.80
0	0	5.00
0	0	4.40
0	1	4.30
13	55	5.30
88	118	6.70
216	221	8.10
308	232	9.50
363	263	10.70
385	277	11.60
446	293	12.10
449	291	12.20
368	226	12.10
221	142	11.40
103	64	10.30
31	1	9.20
0	0	8.60
0	0	8.00
0	0	7.40
0	0	6.80
0	0	6.20
0	0	6.00
0	0	5.50
0	0	6.00
0	0	6.30
0	0	6.40
0	0	6.30
0	1	6.50
21	25	7.00
126	50	7.50
258	84	8.00
344	114	8.60
416	131	9.10
514	133	9.50
485	118	9.70
436	113	9.80
398	78	9.80
290	52	9.60
182	21	9.30
69	1	9.00
1	0	8.50
0	0	8.20
0	0	7.70
0	0	7.30
0	0	6.90
0	0	5.80
0	0	4.70
0	0	3.60
0	0	3.00
0	0	2.40
0	0	1.90
0	9	2.10
24	74	3.90
118	124	5.20
270	177	6.80
405	260	7.90
415	209	7.90
355	309	8.70
361	317	9.30
323	263	9.60
221	108	8.60
187	135	8.20
80	74	7.60
33	4	6.60
0	0	5.70
0	0	4.80
0	0	3.90
0	0	3.00
0	0	2.00
0	0	1.50
0	0	0.90
0	0	0.20
0	0	-0.10
0	0	-0.40
0	0	-0.60
0	3	-0.60
4	47	1.30
11	94	3.70
15	121	6.10
47	140	8.30
110	131	10.30
165	133	11.90
219	149	12.90
278	126	13.40
348	86	13.40
316	64	12.70
200	78	11.30
75	5	9.60
2	0	8.70
0	0	7.90
0	0	7.00
0	0	6.10
0	0	5.20
0	0	4.50
0	0	3.80
0	0	3.10
0	0	2.70
0	0	2.40
0	0	2.10
0	4	2.20
28	77	4.30
143	69	6.70
286	90	9.20
427	98	11.50
537	114	13.50
592	121	15.00
602	135	16.00
442	107	16.50
348	102	16.50
259	83	15.60
146	75	14.20
58	2	12.40
2	0	11.10
0	0	9.80
0	0	8.60
0	0	7.30
0	0	6.00
0	0	4.90
0	0	3.60
0	0	2.30
0	0	1.60
0	0	0.90
0	0	0.40
0	4	0.40
8	79	2.40
45	63	4.80
136	74	7.10
143	84	9.30
144	109	11.20
173	119	12.50
202	114	13.40
169	91	13.80
124	78	13.70
124	57	12.90
64	81	11.50
24	6	9.60
1	0	9.10
0	0	8.50
0	0	7.90
0	0	7.30
0	0	6.80
0	0	6.70
0	0	6.70
0	0	6.80
0	0	6.80
0	0	6.80
0	0	6.80
0	2	6.90
22	22	7.30
104	66	8.00
186	102	8.60
295	116	9.20
310	153	9.80
314	141	10.10
365	144	10.40
347	147	10.60
358	117	10.70
261	72	10.60
194	34	10.10
77	2	9.60
4	0	9.40
0	0	9.10
0	0	8.70
0	0	8.30
0	0	7.50
0	0	7.50
0	0	7.20
0	0	6.70
0	0	6.50
0	0	6.30
0	0	6.20
0	2	6.20
36	32	6.20
163	69	7.20
294	117	7.80
437	136	8.30
518	157	8.70
593	157	9.00
593	155	9.20
461	123	9.20
309	117	9.30
244	72	9.10
142	28	8.70
52	2	8.30
3	0	7.80
0	0	7.40
0	0	6.90
0	0	6.40
0	0	6.00
0	0	5.60
0	0	5.30
0	0	4.90
0	0	4.70
0	0	4.50
0	0	4.40
0	3	4.40
40	53	5.30
156	108	6.10
280	161	7.00
384	211	7.90
457	235	8.70
485	235	9.20
479	229	9.50
476	193	9.60
374	160	9.60
294	106	9.30
162	49	8.50
60	2	8.00
5	0	7.60
0	0	7.20
0	0	6.80
0	0	6.40
0	0	5.90
0	0	5.60
0	0	5.30
0	0	5.00
0	0	4.80
0	0	4.70
0	0	4.60
0	5	4.70
40	76	6.50
163	164	8.50
256	232	10.10
143	284	11.90
50	325	13.50
322	314	14.20
569	315	15.10
560	263	15.80
331	135	16.40
199	93	16.60
158	88	15.90
77	29	14.50
5	0	13.40
0	0	12.30
0	0	11.20
0	0	10.20
0	0	9.10
0	0	8.10
0	0	6.90
0	0	5.80
0	0	5.20
0	0	4.50
0	0	4.10
0	10	4.30
42	87	6.60
133	78	9.00
204	118	11.30
312	135	13.40
422	169	15.10
551	169	16.50
542	186	17.30
304	147	17.70
242	151	17.50
156	92	16.60
86	86	15.20
40	8	13.40
3	0	12.70
0	0	11.90
0	0	11.20
0	0	10.40
0	0	9.70
0	0	9.40
0	0	9.10
0	0	8.90
0	0	8.70
0	0	8.50
0	0	8.40
0	3	8.50
33	23	8.80
70	39	8.90
94	62	9.30
189	78	9.50
166	89	9.80
243	94	9.80
328	86	9.80
522	86	8.80
463	69	10.10
375	49	10.00
217	23	9.90
96	3	9.40
7	0	9.30
0	0	9.20
0	0	8.80
0	0	8.30
0	0	7.90
0	0	8.40
0	0	8.30
0	0	8.10
0	0	8.10
0	0	8.00
0	0	7.90
0	3	8.10
58	38	8.70
171	75	9.40
318	111	10.00
434	137	10.60
549	157	11.10
619	162	11.50
634	154	11.10
594	135	11.60
511	109	11.90
392	75	11.70
250	38	11.40
107	3	10.90
10	0	10.50
0	0	10.10
0	0	9.50
0	0	9.10
0	0	8.80
0	0	8.40
0	0	7.90
0	0	7.50
0	0	7.30
0	0	7.10
0	0	6.90
1	16	7.50
66	79	8.70
203	170	10.50
353	240	12.20
482	286	15.20
588	181	15.00
645	166	14.70
658	289	15.20
616	226	16.50
525	184	17.10
407	149	17.30
260	69	16.20
114	3	14.90
11	0	13.80
0	0	12.80
0	0	11.70
0	0	10.60
0	0	9.50
0	0	8.40
0	0	7.40
0	0	6.30
0	0	5.70
0	0	5.10
0	0	4.70
1	10	4.80
49	89	6.00
192	175	7.10
299	252	8.10
410	291	9.00
338	316	9.50
459	342	10.00
534	322	10.40
549	292	10.60
440	235	10.40
316	154	10.00
163	79	9.30
65	3	8.50
8	0	7.50
0	0	6.60
0	0	5.70
0	0	4.80
0	0	3.90
0	0	3.30
0	0	2.70
0	0	2.10
0	0	1.80
0	0	1.50
0	0	1.30
2	21	1.90
75	97	4.40
208	60	6.80
308	70	9.20
455	87	11.20
549	105	13.00
626	114	14.30
573	115	15.20
563	94	15.60
404	71	15.60
330	57	14.90
137	93	13.60
66	15	11.80
7	0	10.50
0	0	9.10
0	0	7.70
0	0	6.30
0	0	5.00
0	0	3.70
0	0	2.40
0	0	1.00
0	0	0.20
0	0	-0.60
0	0	-1.10
3	10	-1.00
80	92	0.60
229	142	2.30
389	209	3.80
514	286	5.10
522	319	5.40
480	358	6.00
488	341	6.40
415	288	6.50
394	223	7.10
301	102	7.00
190	97	6.00
81	18	4.70
13	0	4.50
0	0	4.30
0	0	4.10
0	0	3.90
0	0	3.70
0	0	4.20
0	0	4.80
0	0	5.30
0	0	5.60
0	0	5.90
0	0	5.70
3	11	6.40
85	87	8.10
234	175	9.80
389	215	11.10
521	75	10.70
629	118	10.80
651	229	11.40
553	326	12.60
487	246	13.00
384	207	13.20
252	94	12.80
134	89	12.50
50	24	11.80
7	0	11.60
0	0	11.40
0	0	11.20
0	0	11.00
0	0	10.70
0	0	10.20
0	0	9.70
0	0	9.40
0	0	9.10
0	0	8.90
0	0	8.80
3	29	9.60
40	73	11.10
58	150	12.80
89	192	14.70
81	265	16.30
99	305	17.80
138	316	18.80
251	341	19.50
284	300	19.70
252	214	19.80
337	185	19.30
271	91	18.30
123	5	17.00
18	0	16.20
0	0	15.30
0	0	14.50
0	0	13.60
0	0	12.80
0	0	12.20
0	0	11.60
0	0	11.20
0	0	10.90
0	0	10.60
0	0	10.60
6	23	10.90
99	88	11.60
253	153	12.50
373	206	13.30
382	271	14.10
512	303	14.90
629	305	15.50
683	289	15.90
567	255	16.10
416	195	16.00
344	131	15.70
206	69	15.10
103	4	14.20
15	0	13.90
0	0	13.20
0	0	12.50
0	0	11.80
0	0	11.20
0	0	10.70
0	0	10.10
0	0	9.80
0	0	9.60
0	0	9.40
0	0	9.30
5	32	10.10
80	88	11.70
116	164	13.40
251	207	15.30
360	272	17.00
442	263	18.70
432	288	20.00
579	314	20.80
564	159	21.70
515	194	21.90
401	131	21.40
247	93	20.40
117	29	19.00
17	0	18.20
0	0	17.50
0	0	16.80
0	0	16.00
0	0	15.30
0	0	14.80
0	0	14.20
0	0	14.00
0	0	13.70
0	0	13.50
0	0	13.50
5	20	13.70
50	57	14.10
133	105	14.70
251	137	15.20
415	177	15.70
410	201	16.20
499	210	16.50
427	197	16.80
455	165	16.90
354	132	16.90
324	95	16.70
177	50	16.40
109	5	16.00
22	0	15.20
0	0	14.30
0	0	13.30
0	0	12.90
0	0	12.20
0	0	11.50
0	0	10.60
0	0	10.10
0	0	9.60
0	0	9.30
0	0	9.20
10	36	9.90
97	121	11.20
226	204	12.50
343	288	14.00
432	321	15.30
506	376	16.40
589	370	17.30
597	372	17.90
560	316	18.20
394	261	18.00
198	176	17.40
159	88	16.50
80	5	15.40
19	0	14.80
0	0	14.20
0	0	13.60
0	0	13.00
0	0	12.40
0	0	12.20
0	0	12.00
0	0	11.90
0	0	11.80
0	0	11.80
0	1	11.80
3	44	12.80
15	112	15.40
53	183	16.80
89	258	17.80
183	241	18.10
410	323	18.80
324	344	20.20
232	278	21.70
202	304	22.00
149	204	21.50
112	151	20.80
79	99	20.20
36	20	19.20
12	0	18.30
0	0	17.20
0	0	16.20
0	0	15.10
0	0	14.10
0	0	12.90
0	0	11.80
0	0	11.30
0	0	10.80
0	0	10.50
0	0	10.60
7	32	11.80
80	44	13.70
216	49	15.80
347	58	17.90
496	70	19.90
579	78	21.60
637	81	23.00
630	77	24.00
610	68	24.50
464	57	24.70
375	49	24.30
182	45	23.40
66	28	22.10
11	0	20.80
0	0	19.10
0	0	17.40
0	0	15.60
0	0	13.90
0	0	11.90
0	0	9.80
0	0	8.60
0	0	7.40
0	0	6.60
0	0	6.50
4	35	7.60
32	48	9.40
137	54	11.40
93	70	13.50
138	92	15.30
158	104	16.80
233	115	18.00
284	111	18.80
263	96	19.10
308	73	19.10
211	59	18.50
176	47	17.30
106	33	15.80
26	0	14.20
0	0	12.50
0	0	10.90
0	0	9.20
0	0	7.50
0	0	6.70
0	0	5.90
0	0	5.40
0	0	5.00
0	0	4.60
0	1	4.60
18	36	6.00
133	50	8.20
248	63	10.60
363	88	13.00
436	107	15.20
462	118	17.00
562	148	18.40
616	148	19.40
607	136	19.90
568	101	19.90
423	77	19.30
293	57	18.10
146	33	16.50
34	0	14.90
0	0	13.30
0	0	11.80
0	0	10.20
0	0	8.70
0	0	7.40
0	0	6.10
0	0	5.40
0	0	4.70
0	0	4.20
0	1	4.20
20	37	5.60
127	50	7.70
220	55	10.10
337	67	12.40
388	81	14.60
443	89	16.50
496	93	17.90
577	91	18.90
529	76	19.40
490	62	19.50
314	51	18.90
238	46	17.70
132	34	16.00
36	0	14.30
0	0	12.50
0	0	10.80
0	0	9.10
0	0	7.30
0	0	6.10
0	0	4.70
0	0	4.00
0	0	3.20
0	0	2.70
0	1	2.60
13	37	4.10
76	51	6.20
174	58	8.60
240	70	10.90
313	85	13.00
371	96	14.80
379	98	16.20
364	92	17.20
297	83	17.70
213	65	17.70
185	55	17.10
145	47	15.80
60	35	14.10
13	0	12.40
0	0	11.20
0	0	10.10
0	0	8.90
0	0	7.70
0	0	7.20
0	0	6.60
0	0	6.20
0	0	5.90
0	0	5.60
0	3	5.70
12	56	7.10
85	119	9.60
182	201	10.40
318	195	10.60
422	260	11.00
509	113	10.60
584	261	10.90
674	317	11.40
682	237	11.50
476	246	11.90
353	188	11.70
241	88	11.10
121	28	10.30
27	0	9.50
0	0	8.90
0	0	8.50
0	0	8.00
0	0	7.50
0	0	7.40
0	0	7.30
0	0	7.40
0	0	7.40
0	0	7.40
0	2	7.60
17	39	8.30
58	100	9.40
77	105	10.00
169	86	10.20
356	61	10.20
429	156	10.80
511	195	11.40
348	295	12.40
261	328	13.90
209	155	15.30
202	85	16.00
240	62	16.30
88	34	15.80
27	2	15.00
0	0	13.80
0	0	12.60
0	0	11.40
0	0	10.20
0	0	8.60
0	0	7.10
0	0	6.20
0	0	5.40
0	0	4.90
0	2	4.90
12	69	6.00
68	113	7.00
107	128	8.30
146	242	9.40
218	320	9.70
252	352	10.40
356	375	11.00
382	68	10.00
362	61	9.10
302	50	8.30
215	153	8.00
188	89	7.60
100	24	7.00
33	0	6.50
0	0	5.30
0	0	4.20
0	0	3.10
0	0	1.90
0	0	1.10
0	0	0.10
0	0	-0.40
0	0	-1.00
0	0	-1.30
0	3	-1.40
16	56	0.00
64	100	1.80
132	181	3.70
308	240	5.50
309	262	7.30
396	257	8.90
490	285	10.10
588	327	10.80
513	225	11.20
422	199	11.30
300	155	10.70
244	98	9.60
133	40	8.20
43	0	6.80
0	0	5.90
0	0	5.00
0	0	4.10
0	0	3.20
0	0	2.80
0	0	2.50
0	0	2.40
0	0	2.20
0	0	2.10
0	1	2.20
35	11	2.40
154	26	2.70
274	42	3.00
411	56	3.30
512	101	3.80
554	315	5.50
639	356	7.70
636	372	9.20
639	306	10.40
540	252	11.10
430	111	11.80
280	59	11.90
134	31	11.20
50	4	10.30
0	0	9.30
0	0	8.30
0	0	7.30
0	0	6.30
0	0	5.00
0	0	3.70
0	0	2.90
0	0	2.20
0	0	1.60
0	2	1.60
41	62	2.40
172	143	3.50
334	231	4.80
482	291	6.10
614	364	7.30
701	385	8.30
713	380	8.90
675	354	9.30
576	336	9.50
471	274	9.50
376	206	9.10
230	122	8.30
129	44	7.30
45	0	6.30
0	0	5.70
0	0	5.10
0	0	4.50
0	0	3.90
0	0	3.90
0	0	4.00
0	0	3.90
0	0	4.00
0	0	4.00
0	1	4.10
44	42	4.80
172	94	5.60
292	173	6.80
445	234	8.00
437	277	9.00
453	315	10.00
470	318	10.70
532	307	11.30
670	284	11.60
545	223	11.70
454	163	11.40
287	89	10.90
159	31	10.10
48	0	9.40
0	0	8.90
0	0	8.50
0	0	7.90
0	0	7.30
0	0	7.20
0	0	6.70
0	0	6.40
0	0	6.20
0	0	6.00
0	2	6.00
28	44	6.70
105	118	7.70
242	181	8.70
348	242	9.70
320	293	10.70
376	322	11.50
397	335	12.20
415	326	12.70
432	287	13.00
359	241	13.00
300	185	12.80
188	118	12.40
131	44	11.60
47	1	10.90
1	0	10.00
0	0	9.00
0	0	8.30
0	0	7.50
0	0	6.90
0	0	6.10
0	0	5.70
0	0	5.30
0	0	5.00
0	2	5.00
44	31	5.30
147	62	5.70
315	109	6.20
446	153	6.50
544	210	7.20
551	190	7.60
514	183	7.80
433	162	7.80
458	167	7.90
311	142	7.80
231	121	7.60
175	96	7.40
113	39	6.50
39	2	6.40
1	0	6.80
0	0	6.90
0	0	7.00
0	0	7.00
0	0	7.50
0	0	7.90
0	0	7.90
0	0	7.90
0	0	7.50
0	2	8.50
29	18	9.00
98	37	9.40
279	57	9.90
189	75	10.30
312	88	10.50
394	96	11.20
537	97	11.40
647	87	11.60
630	87	11.70
638	75	11.80
454	58	11.80
335	36	11.70
169	14	11.40
65	1	11.20
2	0	10.90
0	0	10.50
0	0	10.10
0	0	9.80
0	0	8.50
0	0	7.00
0	0	6.20
0	0	5.50
0	0	4.90
0	6	5.00
58	72	6.30
198	168	7.90
359	258	9.40
515	318	10.90
612	380	12.20
538	394	13.30
527	405	14.20
505	370	14.70
454	347	14.80
379	296	14.80
329	231	14.30
325	138	13.50
138	57	12.30
70	1	11.10
2	0	9.70
0	0	8.40
0	0	7.10
0	0	5.80
0	0	5.10
0	0	4.30
0	0	3.90
0	0	3.50
0	0	3.20
0	9	3.40
62	75	5.30
202	123	7.20
366	173	9.50
522	225	11.60
654	253	13.60
749	248	15.30
800	258	16.70
796	285	17.50
747	288	17.80
636	222	17.80
482	131	17.40
272	101	16.30
143	50	14.80
51	1	13.10
3	0	11.90
0	0	10.60
0	0	9.40
0	0	8.20
0	0	7.40
0	0	6.60
0	0	6.10
0	0	5.70
0	0	5.40
1	22	6.10
60	79	7.10
183	153	8.40
305	61	8.10
484	126	8.30
625	99	8.20
746	249	8.90
789	367	9.90
798	361	11.00
723	306	12.60
548	275	12.90
435	164	12.50
299	100	11.90
206	8	11.00
76	1	10.30
3	0	9.00
0	0	7.90
0	0	6.70
0	0	5.50
0	0	4.40
0	0	3.30
0	0	2.60
0	0	2.00
0	0	1.50
0	5	1.60
18	65	2.30
38	125	3.10
50	211	4.10
83	269	5.00
106	308	5.80
153	346	6.50
363	319	6.90
488	327	7.20
380	303	7.30
411	258	7.30
403	190	7.10
253	116	6.60
175	48	5.80
58	1	5.10
4	0	4.10
0	0	2.90
0	0	2.10
0	0	1.10
0	0	0.30
0	0	0.00
0	0	-0.30
0	0	-0.70
0	0	-0.90
0	6	-0.80
14	66	0.10
47	138	1.10
65	195	2.10
126	264	3.10
224	309	4.00
285	327	4.70
286	342	5.30
283	337	5.80
225	278	5.90
208	220	5.80
164	171	5.40
144	92	4.80
96	36	4.00
42	1	3.20
2	0	3.00
0	0	2.80
0	0	2.50
0	0	2.40
0	0	2.50
0	0	2.70
0	0	2.70
0	0	2.80
0	0	2.80
1	15	3.30
28	90	5.50
54	64	7.90
91	77	10.30
204	97	12.60
292	117	14.70
307	129	16.50
423	129	17.90
286	118	18.90
277	104	19.40
357	87	19.50
263	72	19.00
157	61	17.90
109	41	16.40
57	4	14.70
4	0	13.80
0	0	12.90
0	0	12.00
0	0	11.10
0	0	10.20
0	0	9.30
0	0	8.70
0	0	8.20
0	0	7.80
1	13	8.10
28	83	9.70
68	123	11.30
69	170	13.00
124	242	14.60
154	259	16.10
236	245	17.60
309	245	18.70
392	230	19.40
339	222	19.70
295	185	19.70
182	147	19.20
183	109	18.30
61	78	17.10
22	4	15.70
2	0	14.70
0	0	13.80
0	0	12.80
0	0	11.80
0	0	11.40
0	0	10.90
0	0	10.60
0	0	10.40
0	0	10.20
2	8	10.30
41	86	11.60
131	178	13.00
258	261	14.20
367	309	15.20
413	367	16.00
569	382	16.80
642	398	17.60
623	368	18.00
690	353	18.20
602	279	18.10
489	227	17.80
336	140	17.20
222	53	16.40
86	2	15.50
6	0	14.60
0	0	13.80
0	0	12.90
0	0	12.10
0	0	11.50
0	0	10.80
0	0	10.50
0	0	10.10
0	0	9.80
2	13	10.10
42	85	11.10
122	162	12.00
178	239	12.90
271	304	13.90
231	346	14.80
229	381	15.40
410	390	16.00
464	382	16.30
418	325	16.40
316	273	16.30
372	213	16.00
343	136	15.50
205	54	14.80
68	2	14.00
5	0	13.50
0	0	13.00
0	0	12.50
0	0	12.00
0	0	11.70
0	0	11.70
0	0	11.70
0	0	11.60
0	0	11.60
4	10	11.80
72	84	12.80
185	118	13.40
321	216	14.30
437	292	15.30
522	257	15.80
731	349	16.50
777	355	17.10
783	372	17.60
461	285	17.70
475	203	17.60
538	79	17.00
323	57	16.40
109	12	15.80
38	2	15.20
8	0	14.90
0	0	14.50
0	0	14.20
0	0	13.90
0	0	13.60
0	0	13.30
0	0	13.10
0	0	12.90
0	0	12.80
7	8	13.00
91	61	13.70
236	117	14.40
392	176	15.10
438	234	15.90
453	274	16.20
445	291	17.00
638	282	17.50
715	271	17.80
727	251	17.90
619	203	17.90
497	138	17.70
359	87	17.30
207	42	16.80
75	2	16.30
9	0	15.20
0	0	14.20
0	0	13.20
0	0	12.10
0	0	10.10
0	0	8.00
0	0	6.90
0	0	6.10
0	0	6.00
4	32	6.50
48	61	7.70
117	105	9.30
92	108	11.10
111	151	12.80
193	167	14.50
314	197	15.90
447	214	17.00
582	213	17.70
628	151	18.10
567	104	18.20
405	74	17.90
263	61	17.10
168	80	15.90
80	8	14.40
10	0	13.10
0	0	11.80
0	0	10.50
0	0	9.20
0	0	8.80
0	0	8.40
0	0	8.10
0	0	8.00
0	0	8.00
8	15	8.20
91	53	8.50
224	100	9.10
345	146	9.70
466	185	10.20
512	217	10.70
594	232	11.20
606	231	11.50
739	224	11.80
619	199	11.90
413	173	11.90
330	136	11.90
225	86	11.60
146	39	11.30
65	2	10.80
9	0	10.00
0	0	9.10
0	0	9.00
0	0	8.30
0	0	7.80
0	0	7.20
0	0	7.10
0	0	7.00
0	0	7.00
6	12	7.10
68	42	7.40
213	86	7.90
315	108	8.20
492	128	8.50
644	162	8.90
743	161	9.20
801	174	9.40
797	187	9.60
738	183	9.70
593	139	9.80
445	120	9.80
332	76	9.60
193	36	9.40
93	2	8.10
13	0	8.50
0	0	7.70
0	0	7.70
0	0	7.20
0	0	7.00
0	0	6.60
0	0	6.50
0	0	6.10
0	0	6.30
10	23	6.60
93	72	7.20
233	127	7.80
342	186	8.60
523	255	9.40
661	298	10.20
748	312	10.90
794	318	11.30
801	282	11.70
745	255	11.80
650	217	11.80
514	161	11.60
400	100	11.20
211	46	10.70
81	2	10.10
14	0	10.00
0	0	9.90
0	0	9.90
0	0	9.80
0	0	9.40
0	0	9.90
0	0	10.20
0	0	10.20
0	0	10.40
9	11	10.60
65	33	10.90
225	56	11.20
366	90	11.70
471	115	12.10
597	131	12.50
670	140	12.90
766	130	13.10
771	128	13.20
749	127	12.30
663	107	13.50
492	85	13.40
311	53	13.00
133	26	13.20
57	2	12.80
6	0	12.40
0	0	11.80
0	0	11.20
0	0	10.80
0	0	9.50
0	0	8.10
0	0	7.40
0	0	6.00
0	0	6.50
7	15	6.80
52	47	7.00
110	84	7.20
102	122	7.50
173	156	7.70
191	179	7.90
190	197	8.00
177	203	8.30
140	190	8.30
108	169	8.30
125	146	8.10
72	112	8.20
59	73	8.00
32	35	7.70
10	3	7.40
3	0	7.00
0	0	6.60
0	0	6.30
0	0	5.90
0	0	6.00
0	0	6.20
0	0	6.30
0	0	6.30
0	0	6.40
2	35	7.00
12	104	8.00
24	188	9.30
35	259	10.50
54	334	12.00
63	386	13.40
110	404	14.50
105	402	15.20
114	390	15.80
95	347	16.10
83	295	16.10
72	204	15.70
57	120	15.00
25	67	14.20
24	3	13.40
3	0	12.20
0	0	11.10
0	0	10.00
0	0	8.90
0	0	7.70
0	0	6.40
0	0	5.70
0	0	5.20
0	0	5.10
1	41	6.00
12	85	7.30
26	183	8.60
48	209	10.30
57	302	11.90
54	286	14.10
101	299	14.00
103	355	14.00
127	360	14.00
130	355	14.40
204	209	14.80
104	99	15.00
151	71	14.90
144	95	14.10
62	19	12.80
14	0	11.60
0	0	10.40
0	0	9.20
0	0	7.90
0	0	7.50
0	0	7.10
0	0	6.80
0	0	6.60
0	0	6.50
14	33	7.50
97	59	9.10
214	87	11.20
384	108	13.30
550	146	15.50
662	173	17.40
723	189	19.10
689	164	20.50
647	146	21.50
551	121	22.20
472	95	22.40
435	69	22.10
384	54	21.20
202	89	19.90
72	19	18.30
15	0	17.30
0	0	16.30
0	0	15.20
0	0	14.20
0	0	13.70
0	0	13.20
0	0	12.90
0	0	12.60
0	0	12.00
15	6	10.70
99	18	11.80
218	32	12.70
352	45	12.90
468	57	13.00
514	66	13.10
620	76	13.20
676	78	13.30
741	70	13.20
634	63	12.90
599	54	13.00
482	42	12.80
345	29	13.10
194	15	12.90
62	3	12.70
19	0	12.60
0	0	12.30
0	0	12.00
0	0	11.90
0	0	11.70
0	0	11.70
0	0	11.60
0	0	11.60
0	0	11.60
9	19	11.90
53	58	12.30
131	103	12.90
395	146	13.50
477	179	14.10
498	208	14.60
686	222	15.10
742	211	15.40
696	194	15.60
607	170	15.70
522	142	15.70
425	103	15.50
243	68	15.30
184	35	15.00
106	3	13.90
20	0	13.60
0	0	13.00
0	0	12.40
0	0	11.70
0	0	11.00
0	0	10.30
0	0	9.90
0	0	9.60
0	0	9.60
17	28	9.90
84	73	10.40
156	142	11.10
258	208	11.90
286	283	12.80
378	300	13.40
513	343	14.10
606	354	14.70
674	336	15.10
702	307	15.30
557	254	15.30
477	198	15.20
299	137	14.80
222	67	14.30
111	4	13.60
23	0	13.20
0	0	12.90
0	0	12.40
0	0	12.10
0	0	12.10
0	0	12.10
0	0	12.10
0	0	12.10
0	0	12.00
16	33	12.50
86	81	13.10
201	171	14.20
297	234	15.30
401	201	15.70
542	246	16.20
654	406	17.40
693	329	18.00
693	292	18.20
650	86	17.60
534	258	17.90
424	229	18.00
286	147	17.60
243	24	17.10
127	22	16.50
24	0	16.60
0	0	16.70
0	0	16.80
0	0	16.90
0	0	17.20
0	0	17.50
0	0	17.60
0	0	17.70
0	0	17.70
14	25	17.70
89	67	18.80
201	116	19.50
357	165	20.30
497	203	21.00
639	236	21.70
698	251	22.30
703	246	22.70
628	235	23.10
463	222	23.30
418	190	23.40
373	152	23.40
319	98	23.10
210	48	22.60
128	4	22.20
30	0	21.20
0	0	20.30
0	0	19.30
0	0	18.40
0	0	16.50
0	0	14.60
0	0	13.50
0	0	12.70
0	1	12.60
22	35	13.50
110	62	15.10
266	89	16.80
337	127	18.60
453	167	20.40
572	220	22.00
600	253	23.30
635	260	24.40
622	244	25.10
626	208	25.50
564	159	25.60
402	121	25.20
334	110	24.30
228	80	23.10
121	18	21.60
32	0	20.20
0	0	18.80
0	0	17.40
0	0	16.00
0	0	15.60
0	0	15.10
0	0	14.90
0	0	14.70
0	1	14.70
21	32	15.10
109	86	15.80
225	142	16.50
177	195	17.30
318	239	18.00
411	282	18.70
580	289	19.20
705	291	19.60
724	274	19.90
635	259	20.10
479	210	20.10
455	162	20.00
288	92	19.60
169	49	18.80
36	4	18.60
28	0	17.50
0	0	16.50
0	0	15.50
0	0	14.40
0	0	13.50
0	0	12.50
0	0	12.00
0	0	11.60
0	1	11.50
21	46	12.40
95	104	13.90
197	163	15.50
246	223	17.20
243	257	19.10
398	289	20.70
510	327	22.10
622	356	23.10
629	327	23.90
761	272	24.50
630	194	24.70
467	167	24.60
261	118	23.90
206	73	22.80
114	31	21.50
30	0	20.20
0	0	18.00
0	0	15.70
0	0	13.50
0	0	11.70
0	0	9.70
0	0	8.70
0	0	8.00
0	1	7.90
27	34	9.00
131	44	10.80
275	48	12.90
432	60	15.00
582	77	17.00
704	94	18.90
676	106	20.50
747	107	21.70
667	102	22.60
583	87	23.10
611	73	23.20
553	57	22.80
387	48	21.80
228	42	20.50
120	25	18.80
22	0	17.20
0	0	15.30
0	0	13.30
0	0	11.30
0	0	10.40
0	0	9.30
0	0	8.70
0	0	8.30
0	2	8.30
18	35	9.50
104	47	11.40
238	52	13.60
219	65	15.90
187	88	18.00
273	108	20.00
511	127	21.60
662	132	22.90
629	127	23.80
626	113	24.40
469	96	24.50
364	77	24.10
310	65	23.20
185	51	21.80
92	34	20.20
26	0	18.60
0	0	16.70
0	0	14.80
0	0	13.00
0	0	11.80
0	0	10.50
0	0	9.80
0	0	9.30
0	2	9.20
24	34	10.50
102	43	12.40
207	49	14.60
280	63	16.80
416	84	18.90
610	106	20.80
656	123	22.40
701	126	23.70
702	121	24.60
675	103	25.10
642	85	25.20
465	64	24.90
330	53	23.90
221	43	22.50
67	30	20.90
30	0	19.30
0	0	17.60
0	0	16.00
0	0	14.40
0	0	13.60
0	0	12.80
0	0	12.30
0	0	11.90
0	1	11.90
12	47	12.80
32	129	14.20
110	163	15.90
304	198	17.90
155	216	20.00
339	258	21.80
550	345	23.10
736	330	24.10
744	346	24.80
561	350	25.00
307	278	25.10
293	219	24.70
259	141	24.00
172	83	22.90
99	31	21.60
29	0	20.20
0	0	18.80
0	0	17.30
0	0	15.80
0	0	14.90
0	0	14.00
0	0	13.60
0	0	13.30
0	2	13.40
23	36	14.70
87	46	16.50
200	50	18.50
159	62	20.60
313	78	22.60
366	95	24.40
470	107	26.00
570	112	27.30
616	107	28.20
643	95	28.80
580	78	29.10
413	63	28.90
336	55	28.20
206	44	27.10
114	31	25.80
36	0	24.50
0	0	22.20
0	0	19.90
0	0	17.60
0	0	15.10
0	0	12.30
0	0	10.90
0	0	9.80
0	3	9.70
32	33	10.90
136	45	12.60
266	54	14.60
265	70	16.70
328	83	18.60
347	89	20.30
277	107	21.90
424	98	23.00
566	106	23.90
670	150	24.20
574	187	24.00
469	167	23.30
313	126	22.10
196	96	20.60
135	31	19.00
39	0	17.50
0	0	15.40
0	0	13.40
0	0	11.30
0	0	10.50
0	0	9.60
0	0	9.10
0	0	8.80
0	2	8.70
34	43	9.80
142	75	11.60
280	99	13.60
446	157	15.60
598	207	17.60
726	238	19.30
824	313	20.70
837	343	21.70
883	295	22.40
744	248	22.80
680	241	22.90
600	208	22.50
427	107	21.70
294	65	20.60
162	30	19.20
47	0	17.80
0	0	15.80
0	0	13.90
0	0	12.00
0	0	10.60
0	0	9.10
0	0	8.30
0	0	7.70
0	3	7.70
36	36	9.10
145	44	11.00
290	48	13.20
446	60	15.50
593	75	17.70
717	90	19.70
807	98	21.40
858	100	22.70
855	96	23.70
817	85	24.20
733	70	24.40
614	56	24.00
468	47	23.10
313	42	21.70
164	28	20.00
48	0	18.20
0	0	16.30
0	0	15.00
0	0	13.70
0	0	12.40
0	0	11.00
0	0	9.70
0	0	9.30
0	2	9.20
32	38	10.40
128	54	12.10
249	61	14.00
329	69	16.00
407	116	17.80
501	252	19.80
607	403	20.20
733	416	20.30
808	398	20.20
807	360	19.90
715	298	19.30
557	214	18.40
417	150	17.50
267	85	16.50
128	30	15.40
36	0	14.40
0	0	13.30
0	0	12.20
0	0	11.10
0	0	10.60
0	0	10.00
0	0	9.70
0	0	9.40
0	6	9.50
29	49	10.50
105	108	12.00
214	115	14.60
433	120	17.10
582	177	19.10
701	294	20.90
789	357	20.80
836	425	21.10
751	356	20.80
619	347	20.50
525	328	20.40
500	262	20.00
371	157	19.50
224	98	18.50
107	49	17.40
42	1	16.20
1	0	14.90
0	0	13.50
0	0	12.10
0	0	11.40
0	0	10.70
0	0	10.20
0	0	9.90
0	1	9.90
36	56	10.70
142	133	12.10
282	221	13.60
437	280	15.00
582	340	16.10
703	387	17.30
793	423	18.50
836	432	19.30
843	413	19.90
806	363	20.00
703	313	20.00
591	243	20.10
425	122	19.80
272	72	19.20
127	41	18.20
40	1	17.10
1	0	15.20
0	0	13.20
0	0	11.30
0	0	9.80
0	0	8.20
0	0	7.20
0	0	6.50
0	3	6.30
12	42	7.20
36	73	8.50
54	99	10.00
190	133	11.50
316	159	13.00
421	196	14.40
472	212	15.50
354	231	16.40
362	209	17.00
442	169	17.30
517	118	17.30
535	80	17.00
413	59	16.20
254	45	15.00
145	35	13.60
50	1	12.10
1	0	10.80
0	0	9.40
0	0	8.00
0	0	8.30
0	0	8.60
0	0	8.70
0	0	8.90
0	6	9.10
35	51	10.20
127	38	10.30
253	88	10.80
366	52	10.80
543	118	11.30
624	350	12.90
764	406	14.60
819	419	16.80
832	414	18.10
804	354	19.20
724	300	20.00
615	156	20.60
456	107	20.70
303	57	20.40
159	33	19.60
45	4	18.60
1	0	17.40
0	0	16.10
0	0	14.90
0	0	13.30
0	0	11.70
0	0	10.80
0	0	10.20
0	1	10.10
30	43	10.60
110	125	11.70
222	197	12.60
272	198	13.10
394	236	13.60
548	345	14.30
621	322	14.80
653	327	15.10
528	380	15.50
534	370	16.20
374	336	16.50
261	284	16.70
192	158	16.60
192	86	16.20
112	50	15.50
40	2	14.60
1	0	13.40
0	0	12.10
0	0	10.90
0	0	10.40
0	0	9.80
0	0	9.50
0	0	9.30
0	2	9.30
35	55	10.10
138	124	11.10
262	158	11.90
418	264	13.10
547	262	13.60
687	73	13.50
771	191	13.60
839	325	14.20
852	408	15.20
798	379	16.00
710	334	16.50
603	255	16.80
455	184	16.70
305	96	16.10
168	29	15.40
54	1	14.60
2	0	13.30
0	0	12.10
0	0	10.80
0	0	9.80
0	0	8.60
0	0	8.00
0	0	7.60
0	3	7.60
39	35	8.00
144	114	8.90
279	158	9.60
362	186	10.20
447	339	11.90
612	286	12.40
635	274	12.70
686	416	13.50
759	415	14.40
652	375	14.70
644	229	14.50
502	217	14.10
360	170	14.40
214	81	14.00
143	56	13.40
49	2	12.60
2	0	11.30
0	0	9.90
0	0	8.60
0	0	7.90
0	0	7.00
0	0	6.50
0	0	6.10
0	3	6.10
36	55	7.20
129	106	8.70
284	168	10.40
428	222	12.10
580	298	13.80
678	319	15.30
791	390	16.40
796	427	17.10
788	406	17.60
773	353	17.90
703	328	17.90
582	233	17.70
437	162	17.00
262	92	15.90
132	39	14.70
53	0	13.40
2	0	12.70
0	0	12.00
0	0	11.30
0	0	11.40
0	0	11.60
0	0	11.60
0	0	11.70
0	1	11.50
29	21	11.10
106	65	12.50
241	115	13.20
410	147	13.70
557	207	14.20
691	234	15.20
710	199	15.50
786	185	15.80
740	220	16.00
726	168	16.10
653	138	16.10
536	103	15.90
399	63	15.60
254	36	15.20
145	12	14.80
39	0	14.40
2	0	14.30
0	0	14.10
0	0	13.80
0	0	13.90
0	0	13.70
0	0	13.70
0	0	13.60
0	1	13.60
32	27	14.00
115	83	14.70
249	150	15.60
377	207	16.50
489	219	17.10
632	249	17.70
752	258	18.10
721	227	18.40
671	165	18.40
433	143	18.30
382	153	18.20
332	157	18.20
329	124	18.00
285	85	17.50
164	22	16.60
51	1	16.80
2	0	16.00
0	0	15.00
0	0	14.30
0	0	13.80
0	0	13.10
0	0	12.80
0	0	12.50
0	3	12.50
27	60	13.40
83	128	14.40
138	196	15.40
156	275	16.70
105	332	17.70
155	386	18.60
204	409	19.50
163	438	20.40
270	420	20.90
318	374	21.30
432	318	21.40
451	252	21.20
369	166	20.60
244	90	19.80
139	30	19.00
39	0	18.10
2	0	16.80
0	0	15.50
0	0	14.20
0	0	13.20
0	0	12.10
0	0	11.50
0	0	11.10
0	4	11.10
29	38	12.70
85	47	14.70
190	53	16.90
218	68	19.20
288	87	21.40
272	106	23.40
334	123	25.10
331	129	26.40
324	124	27.40
282	110	27.90
408	92	28.10
324	73	27.80
347	59	26.90
289	49	25.50
161	34	23.90
42	1	22.20
2	0	19.90
0	0	17.70
0	0	15.50
0	0	14.00
0	0	12.40
0	0	11.50
0	0	10.80
0	3	10.80
41	47	11.90
147	106	13.30
287	178	14.80
435	247	16.40
580	302	17.90
692	304	19.50
788	334	20.80
839	334	21.80
844	324	22.60
804	291	23.00
723	252	23.10
608	161	23.00
469	80	22.50
320	56	21.60
177	36	20.30
59	3	18.90
3	0	17.80
0	0	16.70
0	0	15.60
0	0	15.50
0	0	15.40
0	0	15.30
0	0	15.20
0	2	15.30
36	18	15.50
116	77	16.20
213	145	17.00
303	174	17.70
403	188	18.20
569	217	18.70
593	329	19.60
603	231	19.80
445	167	19.90
491	151	19.80
380	162	19.70
503	123	19.60
350	97	19.30
263	52	18.90
159	18	18.30
55	1	18.10
3	0	16.80
0	0	16.80
0	0	16.20
0	0	15.70
0	0	14.80
0	0	14.90
0	0	14.80
0	1	14.90
40	35	15.30
143	70	15.70
271	198	17.20
428	276	18.30
584	343	19.20
681	382	20.20
791	383	20.70
832	399	21.20
845	382	21.50
797	189	21.20
712	57	20.50
573	46	19.80
468	32	19.20
302	19	18.70
170	7	18.20
60	1	17.70
3	0	17.00
0	0	16.30
0	0	15.60
0	0	14.90
0	0	14.00
0	0	13.50
0	0	13.20
0	11	13.40
38	55	15.00
142	93	16.70
279	129	19.30
404	244	20.80
534	281	20.90
634	336	21.10
758	372	21.30
808	428	21.80
829	418	22.00
784	306	21.90
718	323	21.80
602	258	21.70
459	163	21.40
317	101	20.70
177	42	19.70
62	1	18.60
3	0	17.20
0	0	15.80
0	0	14.40
0	0	14.00
0	0	13.40
0	0	13.10
0	0	12.90
0	1	12.80
42	62	13.90
147	136	15.30
287	181	17.00
437	229	19.00
580	312	20.80
702	333	22.50
792	331	24.10
846	325	25.70
854	322	26.60
813	250	27.20
734	228	27.50
618	136	27.40
478	113	26.80
328	71	25.80
181	48	24.40
64	2	23.00
4	0	21.80
0	0	20.60
0	0	19.40
0	0	18.80
0	0	18.10
0	0	17.70
0	0	17.40
0	4	17.50
40	52	18.60
141	103	20.10
281	157	21.70
433	207	23.50
573	248	25.30
656	264	27.00
753	260	28.70
699	300	30.00
654	316	30.80
534	304	31.20
383	299	31.20
296	231	30.80
303	209	30.00
240	97	29.00
156	49	27.70
53	1	26.50
3	0	25.60
0	0	24.80
0	0	24.00
0	0	23.40
0	0	22.80
0	0	22.50
0	0	22.30
0	2	22.30
37	33	22.70
125	80	23.20
250	104	23.60
329	130	23.90
398	161	24.40
533	192	24.70
652	165	24.90
710	181	25.10
728	199	25.30
516	211	25.40
470	163	25.40
454	127	24.30
305	89	24.90
193	53	24.80
134	19	24.40
40	1	24.00
3	0	23.50
0	0	23.00
0	0	21.90
0	0	20.10
0	0	21.70
0	0	21.50
0	0	21.50
0	1	21.50
30	22	21.80
85	52	22.20
200	91	22.60
405	116	23.00
505	156	23.50
508	165	23.80
644	170	24.00
776	173	24.10
788	188	24.50
735	165	24.10
633	141	23.90
517	112	24.30
328	75	24.30
301	43	24.10
166	21	24.00
63	1	23.70
4	0	22.70
0	0	21.80
0	0	20.80
0	0	19.00
0	0	17.10
0	0	16.10
0	0	15.30
0	4	15.30
19	47	16.40
56	87	17.90
106	141	19.60
100	170	21.40
101	228	23.10
135	282	24.60
198	301	26.00
158	299	27.10
260	286	27.80
243	250	28.30
192	200	28.40
226	168	28.10
199	122	27.30
215	68	26.20
156	38	24.80
42	2	23.30
2	0	22.00
0	0	20.70
0	0	19.30
0	0	19.00
0	0	18.70
0	0	18.50
0	0	18.40
0	1	18.40
35	23	18.70
123	81	19.10
246	145	20.30
324	267	22.00
321	329	23.30
315	256	23.80
362	293	24.30
309	75	23.90
320	202	23.90
304	222	24.00
412	322	24.40
421	237	24.60
318	201	24.70
270	110	24.40
163	59	24.00
45	2	23.30
2	0	21.70
0	0	20.20
0	0	18.60
0	0	17.30
0	0	15.90
0	0	15.10
0	0	14.50
0	3	14.50
18	49	15.60
57	95	17.10
92	158	18.70
204	219	20.40
105	281	22.10
83	283	23.60
254	315	24.90
340	344	25.80
269	320	26.60
274	310	26.90
395	289	27.00
354	226	26.70
192	157	25.90
169	98	24.80
128	51	23.50
41	1	22.10
3	0	21.20
0	0	20.30
0	0	19.40
0	0	19.30
0	0	19.30
0	0	19.30
0	0	19.20
0	1	19.30
38	36	19.70
120	92	20.60
251	143	20.90
363	190	22.00
389	247	23.10
410	282	23.90
383	302	24.50
369	319	25.10
387	313	25.60
429	290	25.90
438	241	26.00
364	201	26.00
362	154	25.70
206	94	25.30
122	38	24.70
30	1	24.10
2	0	22.70
0	0	21.20
0	0	19.80
0	0	18.50
0	0	17.00
0	0	16.20
0	0	15.60
0	2	15.60
35	58	16.40
130	124	17.30
275	201	18.20
319	275	19.20
536	346	20.30
553	391	21.20
679	411	22.00
679	403	22.40
598	414	22.80
549	374	23.00
409	328	23.10
425	253	22.90
290	184	22.40
277	111	21.80
153	38	20.90
62	1	20.10
4	0	18.40
0	0	16.70
0	0	15.10
0	0	14.00
0	0	12.90
0	0	12.30
0	0	11.80
0	3	11.80
33	54	12.90
129	97	14.40
258	142	16.30
397	217	18.10
566	261	19.90
650	362	21.30
756	379	22.50
714	395	23.50
700	395	24.10
636	282	24.70
490	194	25.10
473	126	25.10
370	83	24.60
286	60	23.60
142	36	22.30
57	3	20.90
4	0	19.00
0	0	17.20
0	0	15.40
0	0	14.20
0	0	13.00
0	0	12.40
0	0	11.90
0	1	11.90
34	56	12.70
128	130	13.80
268	221	15.30
369	290	16.60
557	366	17.90
664	406	19.20
671	443	20.20
668	454	21.00
651	439	21.60
688	399	21.90
586	353	22.00
516	277	21.70
463	205	21.20
295	118	20.40
153	43	19.30
58	1	18.30
3	0	16.50
0	0	14.70
0	0	13.00
0	0	11.80
0	0	10.50
0	0	9.80
0	0	9.30
0	3	9.30
34	51	10.40
126	94	12.00
266	129	13.90
404	162	15.80
556	216	17.70
631	232	19.40
464	280	20.80
369	299	22.00
247	273	22.80
316	242	23.30
357	224	23.40
346	200	23.00
278	142	22.20
178	90	21.00
104	42	19.60
40	1	18.20
2	0	16.40
0	0	14.60
0	0	12.90
0	0	11.80
0	0	10.70
0	0	10.00
0	0	9.60
0	3	9.50
22	37	10.90
66	53	12.80
100	57	14.90
100	71	17.20
70	87	19.40
62	105	21.40
51	124	23.10
62	133	24.40
46	130	25.40
77	126	25.90
99	108	26.10
86	91	25.80
59	78	24.90
93	64	23.60
34	37	21.90
7	1	20.30
1	0	18.40
0	0	17.10
0	0	15.80
0	0	14.50
0	0	13.20
0	0	11.90
0	0	11.40
0	3	11.40
5	36	12.60
19	47	14.40
29	50	16.40
26	61	18.50
19	76	20.50
28	92	22.30
30	103	23.90
39	107	25.20
63	104	26.10
42	95	26.60
62	82	26.80
59	69	26.50
107	65	25.60
85	54	24.40
45	36	22.80
8	1	21.20
0	0	20.00
0	0	18.80
0	0	17.50
0	0	17.10
0	0	16.70
0	0	16.40
0	0	16.30
0	1	16.30
15	49	16.90
60	121	17.90
109	207	19.10
277	264	20.30
399	341	21.30
487	382	22.40
577	426	23.40
645	431	24.10
690	405	24.60
555	381	25.00
524	341	25.30
340	277	25.30
337	202	24.90
233	120	24.20
130	46	23.40
53	1	22.50
3	0	21.00
0	0	19.60
0	0	18.10
0	0	16.90
0	0	15.50
0	0	14.80
0	0	14.30
0	3	14.20
31	37	15.40
110	57	17.00
243	66	18.90
361	80	20.90
431	100	22.90
484	123	24.60
588	141	26.10
648	142	27.30
529	134	28.20
561	116	28.80
604	99	28.90
385	77	28.70
344	61	28.00
239	49	26.80
128	35	25.40
48	1	23.80
3	0	21.80
0	0	19.80
0	0	17.70
0	0	16.40
0	0	15.00
0	0	14.30
0	0	13.80
0	2	13.80
30	51	14.30
125	120	15.10
256	190	15.80
392	266	16.60
544	335	17.50
642	369	18.30
606	416	19.10
699	430	19.70
638	401	20.10
671	368	20.10
598	299	20.20
487	214	19.90
329	154	19.40
190	87	18.70
156	31	18.00
63	1	17.30
3	0	16.10
0	0	14.80
0	0	13.50
0	0	12.80
0	0	12.00
0	0	11.50
0	0	11.20
0	1	11.20
30	55	12.10
122	109	13.40
219	167	14.90
287	271	16.30
401	346	17.40
289	400	18.40
261	435	19.30
464	430	20.00
388	407	20.80
467	364	21.30
450	285	21.60
338	222	21.60
309	153	21.20
233	122	20.50
155	49	19.40
55	1	18.30
2	0	16.70
0	0	15.00
0	0	13.30
0	0	12.10
0	0	10.70
0	0	10.00
0	0	9.50
0	2	9.40
23	40	10.30
104	89	11.60
209	155	13.00
340	241	14.40
519	316	15.70
653	356	16.90
756	373	18.10
822	334	19.20
822	383	19.80
746	354	20.10
584	285	20.20
498	212	20.10
306	154	19.50
111	85	18.60
44	48	17.40
28	2	16.20
1	0	15.30
0	0	14.40
0	0	13.40
0	0	13.30
0	0	13.20
0	0	13.10
0	0	13.00
0	1	13.00
1	50	13.80
10	125	14.90
40	208	16.20
43	266	17.30
62	341	18.50
75	389	19.60
87	424	20.50
136	434	21.30
267	422	21.80
512	372	22.10
614	333	22.30
443	256	22.10
382	191	21.70
275	110	21.00
159	44	20.20
41	1	19.30
2	0	18.40
0	0	17.50
0	0	16.70
0	0	16.00
0	0	15.30
0	0	15.00
0	0	14.70
0	1	14.60
23	51	15.40
104	128	16.50
211	210	17.70
243	270	19.00
208	356	20.20
173	385	21.40
157	405	22.50
248	417	23.60
309	416	24.20
286	375	24.60
383	339	24.70
173	265	24.50
167	207	24.10
140	117	23.30
41	46	22.30
15	1	21.30
1	0	20.20
0	0	19.20
0	0	18.10
0	0	17.50
0	0	16.80
0	0	16.40
0	0	16.10
0	2	16.10
2	38	17.20
26	63	18.80
68	86	20.70
155	113	22.60
103	145	24.60
152	197	26.30
133	223	27.80
329	257	29.00
140	241	29.90
105	213	30.40
108	179	30.60
149	145	30.40
135	122	29.70
73	72	28.50
31	38	27.20
22	1	25.80
0	0	23.70
0	0	21.70
0	0	19.60
0	0	18.00
0	0	16.30
0	0	15.30
0	0	14.70
0	1	14.60
4	37	15.50
28	63	17.00
54	92	18.70
162	132	20.40
293	169	22.10
382	231	23.60
468	259	24.90
545	256	26.00
446	264	26.70
568	226	27.20
547	167	27.30
494	106	27.10
335	82	26.50
223	53	25.40
143	37	24.10
39	1	22.70
1	0	20.90
0	0	19.10
0	0	17.30
0	0	16.30
0	0	15.30
0	0	14.70
0	0	14.30
0	1	14.30
22	46	14.80
116	119	15.80
256	206	17.00
365	279	18.20
502	357	19.40
608	398	20.50
643	434	21.40
601	445	22.10
567	433	22.60
572	393	22.90
521	338	23.00
431	262	22.80
312	198	22.30
202	117	21.70
123	46	20.80
34	1	19.80
1	0	19.00
0	0	18.10
0	0	17.20
0	0	16.90
0	0	16.60
0	0	16.50
0	0	16.30
0	1	16.30
17	25	16.60
74	61	17.10
170	95	17.20
370	146	18.00
404	146	18.40
494	173	18.70
506	191	19.10
421	240	19.50
387	232	19.80
488	220	19.90
463	205	19.90
416	164	20.10
327	111	20.00
216	61	19.10
115	26	19.20
42	0	18.90
1	0	16.90
0	0	17.20
0	0	16.90
0	0	16.30
0	0	15.70
0	0	15.40
0	0	15.20
0	1	15.10
22	42	15.70
110	112	16.60
249	184	17.50
383	259	18.60
503	326	19.50
581	362	20.50
548	413	21.50
538	426	22.30
569	411	22.80
536	381	23.20
552	331	23.40
528	245	23.10
424	183	22.70
287	113	22.20
147	41	21.50
41	1	20.70
1	0	19.00
0	0	17.40
0	0	15.90
0	0	14.40
0	0	13.00
0	0	12.30
0	0	11.80
0	0	11.70
9	6	11.30
33	76	12.30
61	173	13.20
116	188	13.80
209	182	14.10
353	184	14.30
384	167	14.40
284	382	15.10
308	360	15.50
245	325	15.90
245	329	16.40
410	248	16.70
417	132	16.90
296	58	16.80
151	30	16.30
42	4	15.70
1	0	14.40
0	0	13.10
0	0	11.80
0	0	10.90
0	0	9.90
0	0	9.30
0	0	8.80
0	1	8.60
14	38	9.10
68	83	10.10
130	120	11.30
311	162	12.50
418	217	13.60
532	232	14.70
522	280	15.60
579	300	16.30
603	285	16.80
597	238	17.00
517	221	17.00
438	170	16.70
229	134	16.00
195	79	15.10
138	34	14.00
39	0	12.80
1	0	11.40
0	0	10.00
0	0	8.50
0	0	8.50
0	0	8.40
0	0	8.30
0	0	8.20
0	0	8.10
14	38	9.00
101	82	10.30
211	142	11.90
389	203	13.60
501	252	15.20
636	288	16.70
585	306	18.00
589	320	19.00
538	310	19.80
454	265	20.30
450	236	20.50
273	198	20.30
263	126	19.70
158	82	18.80
95	34	17.50
37	0	16.30
0	0	15.70
0	0	15.10
0	0	14.40
0	0	14.40
0	0	14.20
0	0	14.10
0	0	13.80
0	0	14.10
12	13	13.30
56	45	14.20
154	69	14.80
133	97	14.70
245	111	13.80
305	123	16.00
312	174	16.40
416	259	17.00
550	229	17.40
583	237	17.80
594	210	18.00
515	162	18.00
360	124	17.90
260	81	17.70
144	31	17.20
50	1	16.90
1	0	17.40
0	0	18.00
0	0	18.30
0	0	18.60
0	0	17.80
0	0	18.70
0	0	18.80
0	0	18.50
19	23	19.30
114	66	19.80
248	91	20.30
363	164	21.10
467	173	21.60
591	212	22.20
686	209	22.60
755	246	23.10
737	282	23.30
682	228	23.80
569	178	23.80
348	187	23.90
355	156	23.90
243	89	23.60
129	37	23.20
38	1	22.80
0	0	22.20
0	0	21.60
0	0	21.00
0	0	20.50
0	0	20.00
0	0	19.60
0	0	19.00
0	1	19.60
11	26	19.80
88	41	20.00
181	180	21.30
261	215	23.10
290	314	23.90
323	376	24.60
348	403	25.40
312	287	25.50
370	145	25.00
316	75	24.40
271	163	24.20
220	189	24.10
215	111	23.80
133	74	23.40
72	17	22.90
28	2	22.50
0	0	21.30
0	0	20.10
0	0	18.90
0	0	16.80
0	0	14.40
0	0	13.10
0	0	12.20
0	0	12.00
9	30	12.70
67	45	13.90
152	48	15.30
171	59	16.80
325	75	18.30
380	225	19.60
308	361	19.50
360	395	19.40
265	407	19.20
214	352	19.00
228	312	18.50
198	259	18.00
228	184	17.40
163	108	16.60
103	38	15.60
21	0	14.70
0	0	14.60
0	0	14.40
0	0	14.30
0	0	15.40
0	0	16.60
0	0	17.10
0	0	17.50
0	0	17.60
7	33	18.70
25	59	20.40
89	92	22.50
223	129	24.70
351	191	26.90
479	273	28.70
553	277	30.30
464	292	31.70
441	282	32.70
324	281	33.30
331	206	33.60
207	139	33.60
206	91	33.00
108	64	32.00
61	40	30.70
20	0	29.30
0	0	27.90
0	0	26.40
0	0	25.00
0	0	23.40
0	0	21.60
0	0	20.60
0	0	19.90
0	0	19.80
7	29	20.50
49	44	21.90
95	47	23.60
135	56	25.40
232	72	27.10
294	227	28.70
435	394	28.90
565	433	29.10
421	421	29.20
399	386	29.20
301	341	28.90
217	281	28.50
157	195	27.80
93	109	26.80
52	34	25.80
32	0	24.70
0	0	23.50
0	0	22.30
0	0	21.00
0	0	20.80
0	0	20.60
0	0	20.40
0	0	19.70
0	0	20.10
6	32	20.80
57	95	21.60
128	110	22.00
215	194	22.80
273	178	23.20
377	254	23.90
505	300	24.50
656	277	24.90
605	223	25.10
449	257	25.30
497	312	25.80
444	258	25.90
347	163	25.80
250	92	25.50
139	6	24.80
36	0	24.20
0	0	23.30
0	0	22.30
0	0	21.20
0	0	20.20
0	0	19.30
0	0	18.80
0	0	18.50
0	0	18.30
10	17	18.60
68	59	18.90
158	117	19.30
366	254	20.40
475	273	20.90
569	370	21.70
730	359	22.20
614	358	22.50
529	343	22.80
623	172	22.60
512	58	22.10
420	46	21.70
337	32	20.40
211	17	20.50
119	10	20.40
32	0	20.10
0	0	19.10
0	0	18.00
0	0	16.90
0	0	15.40
0	0	13.80
0	0	12.90
0	0	12.30
0	0	12.30
7	32	12.70
70	94	13.30
182	183	14.30
286	270	15.50
447	326	16.90
605	364	18.10
714	386	19.20
775	306	20.50
765	283	21.50
735	258	22.20
565	208	22.50
389	176	22.50
208	88	22.20
103	51	21.40
68	31	20.40
28	0	19.30
0	0	17.40
0	0	15.60
0	0	13.70
0	0	12.40
0	0	11.00
0	0	10.30
0	0	9.80
0	0	9.70
5	11	9.80
60	80	10.40
167	107	10.80
367	228	11.70
463	234	12.30
546	272	12.90
576	402	14.10
733	414	15.10
639	382	15.60
572	264	16.70
522	198	17.60
422	259	17.60
309	175	17.30
211	73	16.90
93	33	16.10
10	0	15.30
0	0	14.20
0	0	13.20
0	0	12.20
0	0	11.60
0	0	10.90
0	0	10.50
0	0	10.20
0	0	10.20
9	35	10.90
81	58	12.30
217	75	14.10
327	87	16.10
499	104	18.00
641	136	19.80
724	161	21.40
686	177	22.70
581	175	23.60
552	160	24.20
539	141	24.30
371	104	24.10
299	86	23.40
226	58	22.20
96	34	20.80
30	0	19.40
0	0	18.50
0	0	17.50
0	0	16.60
0	0	16.10
0	0	15.70
0	0	15.40
0	0	15.20
0	0	15.20
6	5	15.20
72	16	15.30
103	66	15.70
173	178	16.60
329	255	17.60
414	304	18.50
542	377	20.10
558	308	20.30
543	393	21.30
439	323	21.60
337	296	21.80
342	241	21.80
294	154	21.90
222	92	21.50
88	31	20.90
25	0	20.20
0	0	19.70
0	0	19.30
0	0	18.80
0	0	18.50
0	0	18.20
0	0	18.00
0	0	17.90
0	0	17.90
5	26	18.50
78	51	20.00
185	88	22.10
295	158	23.90
413	255	25.40
560	327	25.80
601	397	26.40
564	411	27.10
555	379	27.30
629	348	27.40
470	247	26.90
419	243	26.60
276	165	26.00
225	87	25.20
97	28	24.40
20	0	23.60
0	0	21.40
0	0	19.20
0	0	17.10
0	0	14.90
0	0	12.60
0	0	11.40
0	0	10.50
0	0	10.40
7	31	10.80
85	78	11.70
221	124	13.00
362	188	14.40
508	232	15.70
622	252	17.10
586	265	18.20
487	296	19.20
484	254	19.90
505	222	20.30
370	168	20.40
307	126	20.30
260	69	19.70
177	48	18.70
109	32	17.50
26	0	16.30
0	0	15.60
0	0	14.90
0	0	14.20
0	0	14.60
0	0	15.00
0	0	15.30
0	0	15.60
0	0	15.70
5	35	16.30
72	77	17.40
206	182	18.60
353	225	20.00
483	216	22.40
592	97	24.40
614	229	26.20
352	416	26.80
324	329	26.60
401	100	25.50
437	61	24.50
333	47	23.60
261	32	22.80
169	17	22.10
96	5	21.40
26	0	20.60
0	0	19.80
0	0	18.80
0	0	17.80
0	0	16.80
0	0	15.80
0	0	14.80
0	0	14.10
0	0	13.60
5	19	13.90
63	88	15.00
130	180	16.10
238	255	17.10
276	300	17.80
368	321	19.30
357	391	20.20
352	399	21.00
381	380	21.20
297	271	21.90
336	303	21.80
407	206	21.20
362	32	20.10
224	55	19.10
87	4	18.20
16	0	16.90
0	0	15.50
0	0	14.10
0	0	12.80
0	0	11.90
0	0	10.80
0	0	10.20
0	0	9.60
0	0	9.20
3	22	9.60
50	92	11.50
144	54	13.60
277	65	15.70
430	85	17.60
490	104	19.40
600	125	20.80
563	132	22.00
514	140	22.70
512	130	23.10
358	110	23.10
321	82	22.70
237	68	21.70
218	93	20.30
111	18	18.60
20	0	17.20
0	0	15.70
0	0	14.30
0	0	12.80
0	0	12.20
0	0	11.40
0	0	11.00
0	0	10.60
0	0	10.30
4	11	10.50
67	86	11.80
172	177	13.00
233	263	14.30
346	326	15.50
533	358	16.70
663	394	17.50
614	415	18.10
576	407	18.60
529	358	18.90
441	308	18.90
394	242	18.50
277	152	17.80
166	72	16.90
77	4	15.90
14	0	14.90
0	0	13.90
0	0	12.90
0	0	11.90
0	0	11.20
0	0	10.60
0	0	10.20
0	0	9.80
0	0	9.50
2	4	9.60
39	68	10.30
149	151	11.40
248	220	12.10
366	293	13.40
481	285	13.90
665	370	14.70
479	404	15.80
468	393	16.50
420	353	16.80
380	296	16.90
315	242	16.70
310	157	16.20
195	75	15.50
99	6	14.60
14	0	14.00
0	0	13.30
0	0	12.60
0	0	12.00
0	0	11.60
0	0	11.20
0	0	11.00
0	0	10.80
0	0	10.70
2	11	10.90
55	83	12.30
155	177	13.80
283	267	15.40
405	328	16.90
459	355	18.10
561	394	19.10
644	402	19.80
369	393	20.30
404	388	20.70
335	325	20.80
303	262	20.60
220	169	20.00
120	78	19.00
48	3	17.90
7	0	16.70
0	0	15.50
0	0	14.30
0	0	13.10
0	0	12.10
0	0	11.00
0	0	10.40
0	0	9.80
0	0	9.40
2	11	9.60
54	84	11.00
140	119	12.80
276	140	14.70
401	167	16.60
544	219	18.20
627	302	19.40
653	310	20.40
619	342	20.90
680	316	21.10
576	227	21.20
404	167	20.80
275	118	20.00
148	80	18.80
71	11	17.40
9	0	16.10
0	0	14.70
0	0	13.40
0	0	12.00
0	0	11.20
0	0	10.20
0	0	9.60
0	0	9.00
0	0	8.50
2	15	8.60
60	89	10.00
176	62	11.60
276	76	13.30
346	77	14.90
424	95	16.30
513	109	17.50
537	115	18.40
580	106	19.00
509	94	19.30
484	78	19.20
312	63	18.70
216	55	17.70
102	87	16.40
59	15	14.90
8	0	14.10
0	0	13.40
0	0	12.70
0	0	11.90
0	0	12.50
0	0	13.10
0	0	13.40
0	0	13.70
0	0	13.80
1	3	13.90
61	26	14.50
182	53	15.00
314	84	15.70
452	110	16.40
499	131	16.90
632	139	17.40
587	136	17.60
570	134	17.60
560	116	18.00
520	101	17.90
372	75	17.60
239	45	17.70
131	22	15.70
63	3	16.40
9	0	16.30
0	0	16.60
0	0	16.20
0	0	15.80
0	0	14.40
0	0	12.80
0	0	11.90
0	0	11.10
0	0	10.40
1	16	10.60
61	87	12.20
185	92	13.70
336	115	15.40
458	153	17.50
462	190	19.10
532	355	19.50
552	382	19.40
508	382	19.30
397	360	19.10
379	290	18.60
338	235	18.20
209	146	17.20
185	71	16.10
73	6	15.00
7	0	14.10
0	0	13.20
0	0	12.30
0	0	11.50
0	0	11.50
0	0	11.40
0	0	11.40
0	0	11.40
0	0	11.40
1	14	11.80
53	87	13.50
170	69	15.60
305	99	18.20
302	96	20.60
272	227	22.70
239	329	22.30
178	360	22.00
537	377	22.20
628	348	22.10
580	274	21.60
396	180	20.70
204	77	19.60
104	34	18.60
74	2	17.50
7	0	17.00
0	0	16.50
0	0	16.00
0	0	15.50
0	0	15.10
0	0	14.60
0	0	14.30
0	0	14.00
0	0	13.80
0	2	13.80
53	73	14.90
174	159	16.20
180	251	17.60
318	304	19.00
493	363	20.20
574	381	21.10
596	390	21.70
528	383	22.30
483	369	22.60
375	296	22.60
334	243	22.30
268	160	21.80
130	71	20.90
69	6	19.90
7	0	19.40
0	0	18.80
0	0	18.30
0	0	17.70
0	0	17.50
0	0	17.20
0	0	17.10
0	0	17.10
0	0	17.00
0	4	17.10
53	52	17.80
178	113	18.50
328	164	19.30
473	230	20.10
593	263	20.90
674	301	21.60
753	280	22.00
743	293	22.40
624	238	22.50
428	205	22.50
416	169	22.40
329	117	22.10
205	55	21.60
87	2	21.00
8	0	19.90
0	0	18.80
0	0	17.30
0	0	17.20
0	0	16.50
0	0	15.60
0	0	15.10
0	0	14.60
0	0	14.20
0	6	14.30
37	71	15.10
113	150	16.10
292	237	17.20
433	294	18.20
584	337	19.00
689	374	19.60
714	375	20.20
706	370	20.60
618	356	20.80
514	293	20.90
454	224	20.60
319	148	19.90
137	64	19.30
61	2	18.50
5	0	17.90
0	0	17.30
0	0	16.70
0	0	16.20
0	0	16.10
0	0	16.00
0	0	16.00
0	0	16.00
0	0	16.00
0	2	16.10
47	22	16.40
172	28	16.60
305	46	16.80
391	281	18.70
435	357	20.50
528	366	21.80
446	380	23.30
603	374	24.10
590	338	25.00
424	258	25.60
402	207	25.30
303	145	25.00
177	69	24.30
70	23	23.40
5	0	22.50
0	0	21.50
0	0	20.60
0	0	19.60
0	0	18.50
0	0	17.20
0	0	16.50
0	0	15.80
0	0	15.30
0	4	14.90
44	26	15.50
169	128	16.40
284	224	17.40
422	200	17.90
484	310	18.70
570	362	19.50
590	374	20.10
664	363	20.40
543	208	20.30
503	274	20.40
313	225	20.40
311	114	20.30
188	82	19.90
68	15	19.10
5	0	18.00
0	0	17.00
0	0	15.90
0	0	14.80
0	0	14.30
0	0	13.70
0	0	13.40
0	0	13.10
0	0	12.90
0	7	13.00
33	68	14.10
112	147	15.30
253	170	17.30
407	264	18.80
533	225	21.10
608	278	22.50
690	289	23.50
644	367	23.50
537	343	23.30
425	282	23.20
241	181	22.30
104	80	21.20
19	10	20.00
7	1	18.90
0	0	18.40
0	0	18.00
0	0	17.50
0	0	17.00
0	0	16.80
0	0	16.60
0	0	16.40
0	0	16.30
0	0	16.20
0	2	16.20
15	67	17.40
69	155	18.70
82	246	20.20
164	309	21.70
288	372	23.10
370	390	24.20
493	403	25.10
391	389	25.60
374	366	25.90
512	301	26.00
264	230	25.60
209	139	24.90
115	61	23.90
49	1	22.80
3	0	22.40
0	0	22.00
0	0	21.60
0	0	21.20
0	0	21.00
0	0	20.80
0	0	20.70
0	0	20.60
0	0	20.50
0	5	20.60
22	65	21.60
79	136	22.60
158	221	23.80
198	286	25.00
283	349	26.30
347	366	27.20
355	382	28.00
249	363	28.60
263	346	28.90
212	280	29.00
194	212	28.70
88	125	28.00
60	50	27.20
22	1	26.30
1	0	25.50
0	0	24.70
0	0	23.90
0	0	23.10
0	0	22.30
0	0	21.60
0	0	21.20
0	0	20.80
0	0	20.60
0	4	20.70
12	72	22.00
36	92	23.50
114	128	25.20
201	169	26.80
309	198	28.30
250	242	29.50
304	278	30.40
237	240	31.10
248	199	31.60
196	162	31.70
162	125	31.50
111	92	30.80
71	54	29.90
26	2	28.80
0	0	27.70
0	0	26.70
0	0	25.60
0	0	24.50
0	0	23.30
0	0	22.00
0	0	21.30
0	0	20.60
0	0	20.20
0	2	20.10
9	62	21.00
35	135	21.70
129	170	21.90
156	135	22.30
201	178	22.50
242	300	23.20
333	382	24.40
433	349	24.90
356	330	25.20
319	278	25.30
333	180	25.00
217	115	25.10
130	38	24.60
48	7	23.90
1	0	22.60
0	0	21.30
0	0	20.00
0	0	18.70
0	0	17.90
0	0	17.10
0	0	16.70
0	0	16.20
0	0	16.00
0	12	16.20
26	43	17.50
129	94	19.20
120	201	20.40
234	213	22.40
393	326	23.40
510	260	22.90
628	68	21.70
618	65	20.80
489	202	20.50
407	272	20.80
317	204	20.80
222	116	20.80
117	58	20.30
41	10	19.70
0	0	18.40
0	0	17.20
0	0	15.90
0	0	14.70
0	0	13.50
0	0	12.10
0	0	11.40
0	0	10.70
0	0	10.20
0	3	10.20
15	42	11.50
73	61	13.30
97	70	15.30
213	75	17.20
287	90	18.90
245	94	20.50
195	96	21.60
173	95	22.50
128	82	22.90
229	64	22.90
285	57	22.50
183	56	21.50
61	41	20.10
15	2	18.60
0	0	17.40
0	0	16.20
0	0	15.00
0	0	13.80
0	0	13.20
0	0	12.60
0	0	12.20
0	0	11.80
0	0	11.50
0	4	11.50
1	41	13.00
6	52	14.90
164	52	16.90
163	64	18.80
221	220	20.80
238	343	21.20
283	361	21.70
432	358	21.80
422	347	21.70
365	280	21.30
319	214	20.60
251	125	19.60
164	52	18.50
53	1	17.40
0	0	16.90
0	0	16.50
0	0	16.00
0	0	15.60
0	0	15.50
0	0	15.60
0	0	15.60
0	0	15.60
0	0	15.60
0	1	15.60
25	40	16.20
133	102	16.90
274	165	17.20
413	204	18.70
566	251	19.40
632	286	20.20
696	295	20.70
662	310	21.20
592	276	21.50
534	230	21.60
405	173	21.50
282	116	21.20
146	47	20.60
49	1	19.80
0	0	19.80
0	0	19.40
0	0	19.50
0	0	19.40
0	0	19.20
0	0	19.20
0	0	19.20
0	0	18.70
0	0	19.30
0	4	19.40
24	55	20.00
132	136	20.90
269	217	21.80
359	267	23.20
427	322	23.90
584	352	24.60
688	266	24.80
609	65	24.10
619	58	23.40
503	48	22.80
384	35	21.50
198	21	22.10
99	8	21.90
20	0	21.60
0	0	21.20
0	0	20.80
0	0	20.50
0	0	20.10
0	0	18.60
0	0	17.10
0	0	16.30
0	0	15.50
0	0	14.90
0	2	14.80
8	46	15.80
61	82	17.30
116	129	18.90
223	156	20.40
332	181	21.90
300	183	23.20
376	184	24.20
409	175	24.90
359	162	25.30
294	111	25.30
270	89	24.80
248	66	23.90
85	48	22.70
24	1	21.40
0	0	20.30
0	0	19.10
0	0	17.90
0	0	16.80
0	0	16.30
0	0	15.70
0	0	15.40
0	0	15.10
0	0	14.90
0	2	14.90
2	37	16.40
14	50	18.30
86	55	20.50
50	64	22.60
144	74	24.60
223	84	26.30
286	86	27.70
274	80	28.60
276	70	29.20
251	58	29.30
183	48	28.90
199	46	27.80
99	32	26.40
23	0	24.90
0	0	23.50
0	0	22.10
0	0	20.80
0	0	19.40
0	0	18.30
0	0	17.10
0	0	16.40
0	0	15.80
0	0	15.30
0	1	15.20
16	38	16.40
117	63	18.00
145	76	19.80
224	97	21.60
339	121	23.20
442	137	24.60
503	142	25.70
515	133	26.50
477	113	26.90
372	91	26.90
280	72	26.40
159	53	25.50
81	36	24.20
21	0	22.80
0	0	21.40
0	0	20.00
0	0	18.60
0	0	17.10
0	0	16.20
0	0	15.10
0	0	14.60
0	0	14.00
0	0	13.60
0	1	13.60
5	39	14.60
42	68	16.30
58	89	18.00
55	99	19.90
52	123	21.50
103	144	23.00
182	165	24.00
242	163	24.70
247	148	25.10
292	114	25.10
212	94	24.60
107	66	23.60
31	34	22.30
2	0	21.00
0	0	20.10
0	0	19.20
0	0	18.30
0	0	17.30
0	0	16.90
0	0	16.40
0	0	16.10
0	0	15.80
0	0	15.60
0	1	15.60
9	49	16.30
70	132	17.50
95	221	19.00
168	273	20.30
255	296	21.90
303	329	23.20
320	346	24.10
263	364	24.60
249	279	25.10
174	247	25.20
103	111	25.30
117	42	24.80
62	29	23.80
11	0	22.60
0	0	22.10
0	0	21.60
0	0	21.10
0	0	20.60
0	0	20.40
0	0	20.20
0	0	20.10
0	0	20.00
0	0	20.00
0	1	20.00
4	44	20.80
37	122	22.00
62	191	22.90
106	212	24.70
215	306	26.10
358	311	26.50
436	177	26.20
484	296	26.40
331	296	26.60
415	116	25.90
358	84	25.30
260	18	24.80
132	24	24.20
27	0	23.60
0	0	22.70
0	0	21.10
0	0	20.60
0	0	19.60
0	0	18.50
0	0	17.40
0	0	16.30
0	0	15.50
0	0	15.00
0	0	14.90
9	10	15.00
71	55	15.50
161	106	16.10
231	141	16.70
270	235	17.60
270	300	18.50
236	350	19.50
293	349	20.50
354	291	21.40
344	224	21.90
325	165	22.00
216	83	21.70
111	38	21.00
23	0	20.10
0	0	18.90
0	0	17.60
0	0	16.40
0	0	15.20
0	0	14.30
0	0	13.40
0	0	12.90
0	0	12.40
0	0	12.10
0	0	12.00
9	42	13.10
96	98	14.90
204	165	17.00
335	224	19.00
486	274	20.90
513	311	22.50
535	321	23.80
492	298	24.70
434	256	25.10
299	207	25.20
266	142	24.70
235	87	23.70
120	33	22.20
20	0	20.80
0	0	19.50
0	0	18.30
0	0	17.00
0	0	15.70
0	0	14.80
0	0	13.80
0	0	13.20
0	0	12.70
0	0	12.30
0	0	12.20
10	40	13.30
102	89	15.10
252	151	17.20
384	201	19.30
503	228	21.30
569	256	22.90
654	258	24.30
687	249	25.20
632	224	25.60
540	180	25.60
426	130	25.10
280	93	23.90
131	22	22.20
20	0	21.40
0	0	20.60
0	0	19.80
0	0	18.90
0	0	18.10
0	0	17.80
0	0	17.40
0	0	17.30
0	0	17.10
0	0	17.00
0	0	17.00
7	35	17.60
74	102	18.60
112	163	19.70
225	225	20.80
307	270	21.90
369	339	23.10
525	332	23.90
455	322	24.50
429	232	24.60
414	211	24.60
268	176	24.40
205	87	23.80
98	4	22.90
16	0	22.20
0	0	21.40
0	0	20.60
0	0	20.00
0	0	19.20
0	0	18.60
0	0	18.00
0	0	17.60
0	0	17.30
0	0	17.10
0	1	17.10
6	51	18.30
66	85	18.90
166	75	19.10
272	70	18.80
341	120	19.40
401	185	20.10
482	113	20.20
458	341	21.90
526	285	22.60
365	235	22.90
278	160	23.20
157	107	23.30
83	27	22.60
10	0	21.80
0	0	20.90
0	0	20.00
0	0	19.10
0	0	18.30
0	0	17.50
0	0	16.70
0	0	16.40
0	0	16.00
0	0	15.70
0	0	15.80
6	7	15.80
91	20	15.90
222	38	15.80
377	47	16.50
511	59	16.70
607	64	16.90
656	63	17.10
658	329	18.70
595	316	19.80
489	268	20.50
373	184	20.80
230	85	20.70
87	16	20.20
9	0	19.10
0	0	18.00
0	0	16.90
0	0	15.80
0	0	14.70
0	0	13.40
0	0	11.90
0	0	11.10
0	0	10.40
0	0	9.80
0	0	9.70
6	35	10.60
83	109	12.00
206	153	13.90
371	282	15.50
492	281	17.00
547	288	18.60
512	305	19.70
414	245	20.60
320	163	21.30
252	93	21.50
227	62	21.20
175	87	20.20
97	25	18.70
11	0	17.60
0	0	16.40
0	0	15.30
0	0	14.10
0	0	13.00
0	0	12.40
0	0	11.70
0	0	11.40
0	0	11.00
0	0	10.70
0	0	10.70
5	41	11.90
86	87	13.70
211	137	16.10
356	262	17.50
488	297	19.20
584	348	20.20
633	358	21.20
626	324	21.60
586	279	22.00
494	240	21.90
382	129	21.80
243	108	21.10
103	35	19.80
10	0	18.60
0	0	17.40
0	0	16.20
0	0	14.90
0	0	13.70
0	0	12.90
0	0	12.00
0	0	11.60
0	0	11.20
0	0	10.90
0	0	10.80
5	16	11.10
87	94	12.10
226	79	12.50
372	93	12.80
499	71	12.80
592	282	14.10
641	347	15.80
643	328	17.00
597	233	18.10
508	197	18.80
386	124	19.20
242	95	19.00
100	40	18.10
8	0	17.30
0	0	16.40
0	0	15.50
0	0	14.70
0	0	13.80
0	0	13.10
0	0	12.30
0	0	11.90
0	0	11.50
0	0	11.30
0	0	11.30
3	33	11.80
71	70	12.40
194	123	13.00
330	197	14.00
437	211	14.70
516	271	15.50
566	297	16.00
541	306	16.80
491	286	17.30
443	234	17.50
297	156	17.40
179	61	16.90
79	3	16.10
5	0	14.90
0	0	13.60
0	0	12.30
0	0	11.00
0	0	9.80
0	0	8.50
0	0	7.10
0	0	6.30
0	0	5.60
0	0	5.10
0	0	5.00
3	31	5.60
63	86	7.00
155	152	8.60
223	220	10.20
282	273	11.70
483	303	13.00
503	313	13.90
504	301	14.50
496	282	14.70
384	250	14.60
274	164	13.90
173	75	12.80
76	3	11.60
4	0	10.50
0	0	9.40
0	0	8.30
0	0	7.20
0	0	6.10
0	0	5.50
0	0	4.90
0	0	4.60
0	0	4.20
0	0	4.00
0	0	4.00
2	29	4.80
63	78	6.40
151	133	8.50
229	212	10.30
250	270	12.00
191	287	13.50
180	270	14.90
273	187	16.00
230	148	16.60
259	148	16.70
192	105	16.20
143	83	15.00
56	2	13.50
3	0	12.50
0	0	11.40
0	0	10.40
0	0	9.40
0	0	8.30
0	0	7.60
0	0	6.80
0	0	6.10
0	0	5.60
0	0	5.20
0	0	4.90
2	22	5.50
68	93	7.50
174	139	9.60
286	190	11.60
377	234	13.50
409	196	15.30
393	241	16.50
379	266	17.10
283	238	17.20
180	134	17.20
120	91	16.40
72	83	15.20
28	5	13.50
1	0	12.90
0	0	12.20
0	0	11.60
0	0	10.90
0	0	10.30
0	0	10.00
0	0	9.70
0	0	9.40
0	0	9.20
0	0	9.10
0	0	9.00
1	22	9.70
54	93	12.10
190	101	14.60
323	150	16.90
428	163	19.00
528	179	20.80
564	183	22.20
485	186	23.00
454	140	23.40
404	143	23.10
319	102	22.30
210	77	20.90
76	3	19.20
2	0	18.20
0	0	17.10
0	0	16.10
0	0	15.10
0	0	14.10
0	0	13.10
0	0	12.10
0	0	11.00
0	0	10.40
0	0	9.80
0	0	9.40
1	24	10.10
38	91	12.20
145	115	14.20
202	197	16.00
278	272	17.30
355	278	18.60
401	301	19.40
367	221	20.20
198	212	20.40
83	154	20.30
58	88	19.70
23	78	18.50
10	10	17.00
0	0	16.10
0	0	15.30
0	0	14.40
0	0	13.50
0	0	12.60
0	0	12.20
0	0	11.80
0	0	11.40
0	0	11.20
0	0	11.00
0	0	10.80
0	14	11.40
26	47	11.90
42	99	12.70
158	183	13.80
351	282	15.60
436	258	16.40
369	196	16.50
283	203	16.70
176	225	17.00
145	200	17.60
93	121	18.10
55	78	17.70
22	11	16.90
0	0	15.70
0	0	14.40
0	0	13.20
0	0	12.00
0	0	10.80
0	0	9.50
0	0	8.00
0	0	6.40
0	0	5.50
0	0	4.60
0	0	4.00
0	28	4.40
17	108	6.40
49	116	8.00
94	116	10.00
87	121	11.40
172	164	12.80
173	205	13.40
175	161	14.10
184	86	14.30
157	71	14.00
126	60	13.10
62	39	11.60
23	16	9.90
0	0	9.20
0	0	8.40
0	0	7.70
0	0	6.90
0	0	6.20
0	0	6.70
0	0	7.20
0	0	7.80
0	0	8.10
0	0	8.40
0	0	8.70
0	16	9.30
22	88	11.30
61	179	13.20
146	256	15.10
212	287	16.80
263	321	18.20
200	341	19.20
222	310	19.90
256	267	20.30
243	214	20.10
131	140	19.30
78	60	18.30
23	1	17.10
0	0	16.40
0	0	15.60
0	0	14.90
0	0	14.20
0	0	13.50
0	0	12.40
0	0	11.20
0	0	10.00
0	0	9.40
0	0	8.80
0	0	8.30
0	19	8.80
29	89	10.60
95	165	11.90
214	234	12.80
273	260	13.50
224	312	14.60
214	304	15.80
242	190	17.10
213	108	17.90
142	67	18.10
84	78	18.00
80	46	17.00
22	6	15.60
0	0	14.80
0	0	14.00
0	0	13.20
0	0	12.40
0	0	11.60
0	0	11.20
0	0	10.90
0	0	10.50
0	0	10.30
0	0	10.10
0	0	10.00
0	4	10.10
41	35	10.60
133	32	10.70
233	91	11.20
333	196	12.20
335	302	13.70
329	321	15.00
305	308	15.80
226	270	16.20
191	204	16.40
135	113	16.00
57	47	15.30
20	1	14.40
0	0	14.20
0	0	13.90
0	0	13.60
0	0	13.30
0	0	12.90
0	0	12.60
0	0	12.20
0	0	11.90
0	0	11.70
0	0	11.50
0	0	11.30
0	8	11.50
21	84	13.30
79	152	14.40
232	146	14.70
368	72	14.40
396	97	14.30
317	245	14.90
317	252	15.40
213	228	15.70
170	116	15.50
64	113	14.90
24	41	14.80
6	1	14.30
0	0	13.70
0	0	13.40
0	0	13.00
0	0	12.60
0	0	12.20
0	0	11.90
0	0	11.70
0	0	11.40
0	0	11.20
0	0	11.10
0	0	11.00
0	9	11.20
30	65	12.00
47	115	12.70
122	149	13.10
220	166	13.70
245	156	14.00
275	157	14.20
213	123	14.20
157	112	14.10
82	84	13.90
50	40	13.60
34	10	13.20
15	1	12.10
0	0	12.50
0	0	12.20
0	0	12.00
0	0	11.70
0	0	11.20
0	0	11.30
0	0	11.00
0	0	10.80
0	0	10.70
0	0	10.60
0	0	10.50
0	19	11.10
39	80	12.30
141	117	12.90
209	218	14.10
293	219	14.80
306	141	14.80
340	243	15.20
316	286	16.00
261	246	16.20
197	187	16.40
114	51	15.60
57	9	14.80
10	0	14.10
0	0	14.20
0	0	14.30
0	0	14.40
0	0	14.20
0	0	14.50
0	0	14.70
0	0	14.80
0	0	14.80
0	0	15.00
0	0	15.10
0	0	15.20
0	3	15.30
26	39	15.90
82	78	16.60
260	112	17.30
365	137	17.60
312	151	18.30
220	156	18.60
214	144	18.20
154	125	19.10
75	96	19.10
78	59	18.90
33	22	18.60
9	0	18.20
0	0	17.70
0	0	17.20
0	0	16.80
0	0	16.30
0	0	15.90
0	0	14.90
0	0	14.00
0	0	13.00
0	0	12.50
0	0	12.00
0	0	11.70
0	28	12.30
16	99	14.00
31	121	14.20
118	215	15.10
186	187	16.70
223	246	17.80
245	303	18.20
235	278	18.40
169	47	17.20
107	39	16.30
79	102	15.80
38	41	15.10
8	0	14.40
0	0	14.00
0	0	13.50
0	0	13.10
0	0	12.70
0	0	12.20
0	0	11.90
0	0	11.50
0	0	11.10
0	0	11.00
0	0	10.30
0	0	10.90
0	3	9.50
27	53	11.60
111	85	12.20
243	90	12.60
389	130	13.00
471	147	13.30
527	136	13.50
461	131	13.70
418	147	13.80
340	95	13.80
231	65	13.60
114	22	13.20
22	0	12.90
0	0	11.90
0	0	11.80
0	0	11.10
0	0	10.40
0	0	10.00
0	0	9.80
0	0	9.30
0	0	8.70
0	0	8.50
0	0	8.20
0	0	8.10
0	3	8.10
26	37	8.70
108	87	9.40
210	183	10.50
282	166	11.10
272	275	12.10
272	284	12.90
269	273	13.50
260	244	13.80
222	182	14.00
157	108	13.90
72	51	13.40
10	1	12.60
0	0	11.70
0	0	10.90
0	0	10.00
0	0	9.10
0	0	8.20
0	0	7.40
0	0	6.40
0	0	5.40
0	0	4.80
0	0	4.20
0	0	3.80
0	7	3.80
20	85	5.50
41	47	7.40
55	50	9.30
114	59	10.90
138	65	12.20
253	67	13.10
298	63	13.60
304	55	13.70
307	48	13.40
212	43	12.40
96	29	11.00
14	0	9.60
0	0	8.90
0	0	8.10
0	0	7.40
0	0	6.70
0	0	6.00
0	0	6.00
0	0	6.00
0	0	6.00
0	0	6.00
0	0	6.00
0	0	6.00
0	8	6.30
10	82	8.50
30	110	10.80
26	185	12.60
32	180	14.50
33	168	16.20
26	175	17.40
83	239	17.90
78	224	18.00
64	128	17.80
106	63	17.00
77	31	15.70
16	0	14.30
0	0	13.70
0	0	13.10
0	0	12.50
0	0	11.80
0	0	11.20
0	0	10.50
0	0	9.90
0	0	9.20
0	0	8.90
0	0	8.50
0	0	8.30
0	2	8.30
24	63	9.30
88	137	10.50
179	225	12.20
229	283	13.60
305	281	14.50
407	282	15.00
377	274	15.60
282	236	15.80
296	159	15.50
177	96	15.10
104	47	14.40
15	0	13.50
0	0	12.20
0	0	11.00
0	0	9.70
0	0	8.50
0	0	7.20
0	0	5.90
0	0	4.60
0	0	3.30
0	0	2.50
0	0	1.80
0	0	1.30
0	5	1.30
22	79	3.60
89	74	6.20
220	83	8.70
325	113	11.00
423	156	12.70
441	148	14.00
465	167	14.60
416	147	14.70
355	117	14.20
250	89	12.90
114	31	11.00
15	0	9.80
0	0	8.60
0	0	7.40
0	0	6.20
0	0	5.00
0	0	3.90
0	0	3.30
0	0	2.70
0	0	2.10
0	0	1.70
0	0	1.40
0	0	1.10
0	9	1.50
18	83	4.50
105	129	6.30
159	166	9.30
268	182	9.40
467	49	8.20
491	155	8.10
494	245	9.70
451	156	10.70
354	125	11.00
205	88	10.30
98	21	8.90
11	0	8.30
0	0	7.70
0	0	7.10
0	0	6.40
0	0	5.80
0	0	5.20
0	0	4.90
0	0	4.60
0	0	4.30
0	0	4.10
0	0	4.00
0	0	3.90
0	1	4.00
8	15	4.40
41	34	4.80
99	111	6.00
79	246	9.10
242	213	10.10
217	220	10.80
171	265	11.90
202	213	12.90
264	98	13.70
193	103	13.90
74	47	12.90
5	0	12.20
0	0	11.40
0	0	10.70
0	0	10.00
0	0	9.20
0	0	8.50
0	0	7.70
0	0	6.80
0	0	5.90
0	0	5.40
0	0	5.00
0	0	4.60
0	1	4.60
10	62	6.50
54	110	8.80
37	219	10.90
36	277	12.60
80	245	14.30
61	257	15.40
104	294	16.10
81	199	16.30
73	136	16.00
28	86	14.90
10	4	13.30
2	0	12.50
0	0	11.80
0	0	11.10
0	0	10.40
0	0	9.60
0	0	8.90
0	0	8.50
0	0	8.10
0	0	7.70
0	0	7.50
0	0	7.30
0	0	7.20
0	2	7.30
0	46	8.30
46	23	8.30
52	187	10.50
70	173	11.50
76	255	12.90
93	278	14.30
80	278	15.40
80	204	16.20
54	140	15.90
26	84	15.40
20	21	14.40
2	0	13.50
0	0	12.70
0	0	11.80
0	0	11.00
0	0	10.10
0	0	9.20
0	0	8.20
0	0	7.20
0	0	6.10
0	0	5.60
0	0	5.00
0	0	4.70
0	3	4.70
12	41	7.00
81	63	9.80
213	85	12.50
361	92	15.10
424	98	17.20
356	120	18.70
305	126	19.50
286	91	19.80
163	68	19.40
108	91	18.00
54	17	16.00
5	0	14.80
0	0	13.70
0	0	12.50
0	0	11.40
0	0	10.20
0	0	9.10
0	0	8.20
0	0	7.10
0	0	6.10
0	0	5.60
0	0	5.00
0	0	4.60
0	2	4.60
12	39	7.10
102	52	10.20
212	60	13.30
342	68	16.10
435	73	18.40
485	71	20.10
481	59	21.10
426	51	21.50
324	47	21.00
185	97	19.50
65	17	17.10
4	0	16.10
0	0	15.00
0	0	14.00
0	0	13.00
0	0	12.00
0	0	10.90
0	0	10.40
0	0	9.90
0	0	9.30
0	0	9.00
0	0	8.80
0	0	8.60
0	1	8.60
7	42	9.40
82	102	10.50
169	157	11.60
285	199	12.60
427	216	13.40
469	229	14.10
470	201	14.40
421	164	14.50
331	115	14.20
210	60	13.60
82	3	12.80
4	0	12.30
0	0	11.80
0	0	11.40
0	0	10.80
0	0	10.40
0	0	9.90
0	0	9.60
0	0	9.20
0	0	8.80
0	0	8.60
0	0	8.40
0	0	8.20
0	1	8.20
11	54	9.50
109	133	11.30
243	199	13.10
363	251	14.60
450	280	15.90
492	291	17.10
487	266	17.60
433	218	17.80
336	146	17.30
209	70	16.30
81	3	15.00
3	0	14.80
0	0	14.70
0	0	14.60
0	0	14.50
0	0	14.40
0	0	14.20
0	0	13.80
0	0	14.10
0	0	14.10
0	0	14.30
0	0	14.40
0	0	14.50
0	1	14.50
9	18	14.90
105	39	15.40
238	65	16.00
358	83	16.50
444	92	17.00
487	92	17.30
481	73	17.30
428	64	17.40
332	43	16.30
207	21	17.00
75	3	16.60
2	0	16.50
0	0	16.20
0	0	15.90
0	0	15.70
0	0	15.40
0	0	15.10
0	0	14.70
0	0	14.40
0	0	14.10
0	0	13.90
0	0	13.80
0	0	13.70
0	3	13.80
4	49	15.00
52	93	17.20
86	184	18.60
108	251	20.00
201	253	21.00
345	111	20.30
361	118	19.80
361	72	19.10
257	114	18.90
150	70	18.60
51	12	17.90
1	0	17.40
0	0	16.90
0	0	16.40
0	0	15.90
0	0	15.40
0	0	14.90
0	0	14.30
0	0	13.60
0	0	12.90
0	0	12.60
0	0	12.20
0	0	12.00
0	0	12.00
2	34	12.70
23	109	13.90
56	158	15.00
160	180	15.90
249	198	16.50
379	250	17.40
412	240	18.00
352	199	18.30
290	125	18.10
167	58	17.40
60	2	16.60
1	0	16.00
0	0	15.40
0	0	14.80
0	0	14.20
0	0	13.60
0	0	13.00
0	0	12.50
0	0	12.00
0	0	11.50
0	0	11.20
0	0	10.90
0	0	10.70
0	0	10.70
4	47	11.70
65	110	13.00
186	167	14.30
292	223	15.60
348	242	16.50
394	256	17.40
351	248	18.10
342	205	18.40
270	136	18.20
146	64	17.40
47	2	16.30
0	0	16.00
0	0	15.60
0	0	15.20
0	0	14.90
0	0	14.50
0	0	14.10
0	0	13.70
0	0	13.30
0	0	13.30
0	0	12.80
0	0	12.40
0	0	13.10
0	0	12.90
0	13	13.30
13	34	12.00
55	50	13.70
78	69	14.50
54	80	14.80
27	88	15.10
28	82	15.20
22	67	15.20
38	44	15.20
70	19	15.00
21	2	14.80
0	0	14.20
0	0	14.00
0	0	13.80
0	0	13.40
0	0	13.10
0	0	12.80
0	0	12.10
0	0	11.40
0	0	10.70
0	0	10.40
0	0	10.10
0	0	9.80
0	0	9.90
1	38	10.70
12	59	11.30
65	137	12.50
94	130	13.10
112	202	14.10
130	247	15.50
50	155	17.40
41	138	18.80
115	100	19.00
112	54	18.30
50	2	17.10
0	0	16.30
0	0	15.40
0	0	14.50
0	0	13.70
0	0	12.80
0	0	11.90
0	0	11.00
0	0	9.90
0	0	8.90
0	0	8.30
0	0	7.70
0	0	7.30
0	0	7.20
2	42	8.00
30	108	9.20
76	182	10.70
116	235	12.10
171	260	13.20
164	255	13.80
182	241	14.20
184	196	14.30
152	132	13.90
97	55	13.00
40	1	12.00
0	0	11.60
0	0	11.30
0	0	10.90
0	0	10.60
0	0	10.20
0	0	9.90
0	0	9.80
0	0	10.00
0	0	9.90
0	0	10.10
0	0	9.30
0	0	10.10
0	0	10.20
2	19	10.70
37	50	11.30
63	102	12.30
88	125	13.10
135	126	13.70
141	148	14.20
132	108	14.40
140	114	14.60
65	71	14.50
27	28	14.10
3	1	13.60
0	0	13.30
0	0	13.00
0	0	12.70
0	0	12.40
0	0	11.80
0	0	11.60
0	0	11.40
0	0	11.00
0	0	10.50
0	0	10.30
0	0	10.10
0	0	10.00
0	0	10.00
0	16	10.30
12	41	10.70
39	101	11.60
79	116	12.20
166	128	12.70
297	171	13.40
344	139	13.70
250	107	13.70
172	94	13.70
80	54	13.60
25	4	13.10
0	0	12.50
0	0	12.00
0	0	11.40
0	0	10.90
0	0	10.10
0	0	9.20
0	0	9.20
0	0	8.70
0	0	8.10
0	0	7.80
0	0	7.50
0	0	7.30
0	0	7.30
1	31	7.80
30	88	8.70
77	141	9.70
125	155	10.40
160	97	10.50
336	234	11.60
338	138	11.70
272	160	11.80
171	112	11.80
85	29	11.10
19	1	10.40
0	0	10.30
0	0	10.10
0	0	10.00
0	0	9.80
0	0	9.60
0	0	9.20
0	0	9.60
0	0	9.70
0	0	9.80
0	0	9.90
0	0	10.00
0	0	10.10
0	0	10.20
1	27	10.90
53	27	11.20
155	99	12.30
230	36	12.30
221	187	13.70
208	228	15.10
195	196	16.70
182	148	17.60
168	115	17.80
45	46	17.30
10	3	16.50
0	0	16.00
0	0	15.50
0	0	15.00
0	0	14.50
0	0	14.10
0	0	13.60
0	0	12.80
0	0	12.00
0	0	11.20
0	0	10.80
0	0	10.30
0	0	10.10
0	0	10.10
0	39	11.00
4	68	11.50
81	115	12.30
154	39	12.10
160	200	13.10
115	213	13.90
109	200	15.00
179	130	16.00
189	109	15.90
85	49	15.30
19	1	14.50
0	0	13.80
0	0	13.10
0	0	12.30
0	0	11.60
0	0	10.90
0	0	10.10
0	0	9.40
0	0	8.80
0	0	8.20
0	0	7.80
0	0	7.50
0	0	7.30
0	0	7.40
0	37	8.30
47	63	9.70
121	109	11.40
209	172	12.70
118	154	14.20
219	218	14.40
175	41	13.20
99	27	12.20
62	17	11.40
32	7	10.70
9	0	10.10
0	0	9.80
0	0	9.50
0	0	9.20
0	0	8.90
0	0	8.60
0	0	8.30
0	0	7.80
0	0	7.30
0	0	6.80
0	0	6.50
0	0	6.00
0	0	6.10
0	0	6.20
0	4	6.30
50	15	6.40
157	35	6.70
272	59	7.10
333	73	7.40
300	88	7.80
240	191	9.40
228	132	10.30
166	86	10.60
100	39	10.40
19	1	9.70
0	0	9.50
0	0	9.30
0	0	9.10
0	0	8.90
0	0	8.70
0	0	8.50
0	0	8.30
0	0	8.20
0	0	8.00
0	0	8.00
0	0	7.90
0	0	7.90
0	0	7.80
0	6	8.10
36	50	8.80
129	90	9.60
220	131	10.30
289	134	10.80
322	148	11.20
335	117	11.30
305	72	11.10
224	43	10.80
120	13	10.40
22	0	10.00
0	0	9.60
0	0	9.20
0	0	8.90
0	0	8.40
0	0	7.90
0	0	7.20
0	0	7.00
0	0	6.20
0	0	5.30
0	0	4.90
0	0	4.50
0	0	4.20
0	0	3.80
0	18	4.30
49	85	5.40
164	158	6.60
263	199	7.40
320	211	7.80
346	219	8.10
324	197	8.30
253	118	7.90
161	68	7.40
84	6	6.60
17	0	6.00
0	0	5.40
0	0	4.80
0	0	4.20
0	0	3.70
0	0	3.10
0	0	2.50
0	0	2.10
0	0	1.70
0	0	1.20
0	0	1.00
0	0	0.70
0	0	0.50
0	0	0.30
0	10	0.60
9	93	2.50
67	117	3.00
122	178	4.80
134	147	6.50
185	213	7.10
188	144	7.80
229	70	8.10
164	45	7.80
92	29	6.80
14	0	5.60
0	0	5.10
0	0	4.60
0	0	4.10
0	0	3.50
0	0	3.00
0	0	2.50
0	0	2.30
0	0	2.20
0	0	2.10
0	0	2.10
0	0	2.00
0	0	2.10
0	0	2.10
0	3	2.30
10	82	3.80
45	116	5.60
119	140	7.40
194	91	9.10
204	183	10.30
240	72	9.10
173	26	7.90
80	16	7.00
37	6	6.20
6	0	5.50
0	0	5.30
0	0	5.20
0	0	5.00
0	0	4.80
0	0	4.60
0	0	4.50
0	0	3.80
0	0	3.10
0	0	2.40
0	0	1.90
0	0	1.50
0	0	1.20
0	0	0.90
0	15	1.30
34	77	2.20
139	136	3.30
245	65	3.00
325	127	3.20
363	176	3.30
357	189	3.80
306	141	3.80
216	61	3.40
107	40	2.90
14	0	2.40
0	0	2.40
0	0	2.40
0	0	2.40
0	0	2.40
0	0	2.40
0	0	2.30
0	0	2.70
0	0	3.10
0	0	3.50
0	0	3.70
0	0	3.90
0	0	4.10
0	0	4.30
0	3	4.60
36	14	4.90
143	75	6.10
248	81	6.80
331	199	8.70
368	196	9.80
361	181	10.50
309	147	11.30
218	78	11.50
106	33	10.80
13	0	10.00
0	0	9.70
0	0	9.40
0	0	9.00
0	0	8.70
0	0	8.40
0	0	8.10
0	0	7.30
0	0	6.60
0	0	5.80
0	0	5.40
0	0	5.10
0	0	4.80
0	0	4.50
0	13	4.90
31	70	7.10
123	75	9.20
218	73	11.10
318	73	12.70
357	88	13.70
346	69	14.20
295	60	14.30
192	49	13.50
83	31	12.20
9	0	10.80
0	0	10.10
0	0	9.30
0	0	8.50
0	0	7.70
0	0	7.00
0	0	6.20
0	0	5.50
0	0	4.90
0	0	4.20
0	0	3.80
0	0	3.50
0	0	3.30
0	0	3.00
0	13	3.50
24	85	5.60
105	80	7.50
206	151	9.00
306	118	10.70
305	110	11.70
304	136	12.00
259	103	11.90
177	62	11.20
80	28	10.00
9	0	8.70
0	0	7.90
0	0	7.10
0	0	6.30
0	0	5.50
0	0	4.70
0	0	3.90
0	0	3.10
0	0	2.30
0	0	1.40
0	0	1.00
0	0	0.50
0	0	0.20
0	0	-0.20
0	2	-0.20
23	25	0.10
88	97	0.90
104	94	1.30
68	83	1.40
53	152	1.80
80	113	1.90
89	88	1.80
71	58	1.60
28	10	1.10
2	0	0.90
0	0	0.70
0	0	0.40
0	0	0.00
0	0	0.00
0	0	-0.20
0	0	-0.40
0	0	-0.30
0	0	-0.20
0	0	0.00
0	0	0.30
0	0	0.40
0	0	0.50
0	0	0.60
0	2	0.70
9	12	1.10
50	22	0.80
99	30	1.60
124	37	2.20
123	35	2.40
119	32	2.50
108	24	2.60
83	14	2.50
39	4	2.30
4	0	2.20
0	0	2.10
0	0	2.00
0	0	1.90
0	0	1.80
0	0	1.60
0	0	1.50
0	0	1.30
0	0	1.10
0	0	0.80
0	0	0.70
0	0	0.50
0	0	0.50
0	0	0.40
0	2	0.50
15	32	1.20
86	67	1.90
172	106	2.80
222	123	3.50
203	132	4.00
170	121	4.30
139	87	4.30
99	53	4.00
45	8	3.40
3	0	3.10
0	0	2.80
0	0	2.40
0	0	2.10
0	0	1.80
0	0	1.30
0	0	1.20
0	0	0.90
0	0	0.60
0	0	0.30
0	0	0.20
0	0	0.10
0	0	0.00
0	0	0.00
0	2	0.10
5	13	0.40
26	37	0.90
20	60	1.50
14	138	2.60
15	177	3.80
12	139	5.60
11	121	6.30
7	78	6.20
4	4	5.20
0	0	4.80
0	0	4.30
0	0	3.80
0	0	3.40
0	0	2.90
0	0	2.40
0	0	2.00
0	0	1.40
0	0	0.70
0	0	0.10
0	0	-0.20
0	0	-0.50
0	0	-0.80
0	0	-1.00
0	7	-0.70
4	77	2.10
18	60	4.80
44	63	7.40
78	62	9.70
149	54	11.20
141	55	11.90
129	50	11.90
114	88	10.80
51	19	8.90
3	0	8.20
0	0	7.50
0	0	6.80
0	0	6.10
0	0	5.40
0	0	4.70
0	0	4.00
0	0	3.40
0	0	2.80
0	0	2.20
0	0	1.80
0	0	1.50
0	0	1.30
0	0	1.10
0	2	1.10
7	62	2.70
53	126	4.60
126	178	6.30
227	167	7.90
230	207	8.70
209	185	9.10
163	139	9.10
95	77	8.50
47	16	7.30
2	0	6.60
0	0	5.90
0	0	5.30
0	0	4.60
0	0	3.90
0	0	3.20
0	0	2.60
0	0	2.00
0	0	1.40
0	0	0.80
0	0	0.50
0	0	0.10
0	0	-0.10
0	0	-0.30
0	5	-0.10
2	73	2.40
21	74	4.90
77	84	7.30
94	72	9.40
135	67	10.80
148	65	11.50
147	52	11.60
85	88	10.70
46	23	8.80
2	0	8.30
0	0	7.80
0	0	7.30
0	0	6.80
0	0	6.30
0	0	5.80
0	0	5.20
0	0	4.90
0	0	4.50
0	0	4.10
0	0	3.90
0	0	3.70
0	0	3.60
0	0	3.40
0	4	3.60
3	58	5.70
38	86	8.10
73	101	10.30
123	118	12.20
161	150	13.20
121	135	13.60
70	97	13.50
75	70	12.50
25	3	10.80
1	0	10.60
0	0	10.40
0	0	10.10
0	0	9.90
0	0	9.70
0	0	9.50
0	0	9.20
0	0	9.10
0	0	9.00
0	0	8.90
0	0	8.80
0	0	8.80
0	0	8.70
0	0	8.70
0	1	8.70
4	18	9.10
36	35	9.50
75	52	9.90
146	59	10.20
156	62	10.40
197	59	10.60
178	45	10.60
102	25	10.40
44	3	10.10
1	0	9.90
0	0	9.80
0	0	9.60
0	0	9.10
0	0	9.40
0	0	9.30
0	0	9.20
0	0	9.00
0	0	8.80
0	0	8.80
0	0	8.80
0	0	8.70
0	0	8.70
0	0	8.70
0	1	8.80
11	38	9.70
93	81	10.80
191	119	11.80
256	140	12.60
288	148	13.30
268	132	13.60
207	98	13.60
122	52	13.20
53	4	12.50
1	0	12.20
0	0	11.80
0	0	11.40
0	0	11.00
0	0	10.70
0	0	10.30
0	0	9.90
0	0	9.40
0	0	9.00
0	0	8.60
0	0	8.40
0	0	8.20
0	0	8.10
0	0	8.00
0	1	8.10
6	52	9.40
54	101	10.70
108	129	11.70
141	168	13.50
190	152	15.10
168	102	16.40
149	48	17.00
68	79	16.60
29	11	15.30
0	0	14.40
0	0	13.50
0	0	12.60
0	0	11.70
0	0	10.80
0	0	9.90
0	0	9.00
0	0	7.90
0	0	6.80
0	0	5.60
0	0	5.00
0	0	4.40
0	0	4.00
0	0	3.60
0	3	3.60
1	38	5.70
15	47	8.00
47	50	10.20
94	49	12.00
126	49	13.20
145	48	13.80
157	45	13.80
128	79	12.80
45	10	11.10
0	0	10.10
0	0	9.20
0	0	8.30
0	0	7.40
0	0	6.40
0	0	5.50
0	0	4.60
0	0	3.90
0	0	3.20
0	0	2.50
0	0	2.10
0	0	1.80
0	0	1.50
0	0	1.30
0	2	1.30
3	36	3.60
33	46	6.20
91	47	8.70
157	49	10.70
236	49	12.10
243	49	12.80
207	44	12.80
118	80	11.80
39	9	9.90
0	0	9.30
0	0	8.70
0	0	8.10
0	0	7.40
0	0	6.80
0	0	6.20
0	0	5.60
0	0	5.10
0	0	4.70
0	0	4.20
0	0	4.00
0	0	3.70
0	0	3.60
0	0	3.40
0	1	3.40
3	47	4.50
42	101	5.80
73	152	7.30
113	183	8.60
104	187	9.50
86	166	10.10
65	126	10.10
41	62	9.50
11	5	8.40
0	0	7.90
0	0	7.30
0	0	6.80
0	0	6.20
0	0	5.70
0	0	5.10
0	0	4.50
0	0	4.00
0	0	3.40
0	0	2.80
0	0	2.50
0	0	2.10
0	0	1.90
0	0	1.60
0	3	1.70
1	18	2.00
18	87	3.00
44	84	3.50
64	51	3.50
86	61	3.50
76	159	4.90
70	106	5.30
43	86	5.40
17	14	4.80
0	0	4.60
0	0	4.50
0	0	4.40
0	0	4.30
0	0	4.10
0	0	4.00
0	0	3.90
0	0	4.00
0	0	4.20
0	0	4.30
0	0	4.40
0	0	4.50
0	0	4.60
0	0	4.70
0	1	4.70
3	11	5.10
42	30	5.60
92	47	6.10
159	56	6.00
145	54	6.70
125	47	6.90
93	30	6.90
53	15	6.70
15	2	6.40
0	0	6.40
0	0	6.40
0	0	6.40
0	0	6.30
0	0	6.30
0	0	6.10
0	0	6.20
0	0	5.90
0	0	6.00
0	0	5.70
0	0	5.70
0	0	5.70
0	0	5.50
0	0	5.60
0	0	5.60
1	8	5.70
32	19	5.90
76	31	6.10
91	35	6.30
110	36	6.40
75	34	6.40
69	24	6.40
32	12	6.30
11	2	6.20
0	0	6.10
0	0	5.30
0	0	5.70
0	0	5.40
0	0	5.40
0	0	5.30
0	0	5.10
0	0	4.60
0	0	4.00
0	0	3.30
0	0	2.90
0	0	2.50
0	0	2.20
0	0	2.00
0	0	1.90
1	39	2.50
18	80	3.20
36	113	3.80
57	127	4.20
107	142	4.60
186	144	4.80
105	106	4.80
45	44	4.30
17	1	3.60
0	0	4.00
0	0	4.40
0	0	4.70
0	0	5.10
0	0	5.50
0	0	5.90
0	0	6.20
0	0	6.30
0	0	7.00
0	0	7.50
0	0	7.70
0	0	8.00
0	0	8.20
0	0	8.40
0	0	8.50
0	13	9.00
7	36	9.80
14	54	10.50
31	67	11.20
36	77	11.70
31	74	12.20
28	55	12.30
23	27	12.10
8	2	11.60
0	0	11.60
0	0	11.50
0	0	11.40
0	0	11.30
0	0	11.20
0	0	11.20
0	0	11.00
0	0	10.70
0	0	10.30
0	0	9.90
0	0	9.70
0	0	9.50
0	0	9.10
0	0	8.60
0	0	7.90
0	5	9.00
11	15	9.00
40	23	9.00
71	26	8.90
94	27	8.90
84	23	8.90
77	16	8.80
58	8	8.80
20	1	8.80
0	0	8.50
0	0	8.10
0	0	8.20
0	0	8.10
0	0	8.00
0	0	7.50
0	0	7.40
0	0	7.20
0	0	6.60
0	0	6.10
0	0	5.80
0	0	5.60
0	0	5.40
0	0	5.20
0	0	5.10
0	35	5.80
13	90	6.90
29	125	7.70
36	154	8.50
28	138	8.80
28	139	9.20
19	81	8.90
15	42	8.40
9	1	7.70
0	0	7.50
0	0	7.30
0	0	7.10
0	0	6.90
0	0	6.70
0	0	6.40
0	0	6.20
0	0	6.20
0	0	6.10
0	0	6.00
0	0	6.00
0	0	6.00
0	0	6.00
0	0	6.00
0	0	6.00
1	17	6.40
46	43	7.00
110	76	7.70
153	89	8.30
174	94	8.70
144	77	8.90
116	58	8.90
80	36	8.70
23	2	8.20
0	0	7.80
0	0	8.00
0	0	7.80
0	0	7.70
0	0	7.60
0	0	7.40
0	0	7.30
0	0	7.10
0	0	6.90
0	0	6.80
0	0	6.70
0	0	6.60
0	0	6.60
0	0	6.60
0	0	6.60
0	17	7.00
11	45	7.60
43	61	8.10
67	86	8.60
88	94	9.00
105	103	9.40
120	67	9.50
77	39	9.30
18	3	8.90
0	0	8.50
0	0	8.10
0	0	7.80
0	0	7.20
0	0	7.10
0	0	6.80
0	0	6.40
0	0	5.70
0	0	4.90
0	0	4.20
0	0	3.80
0	0	3.40
0	0	3.10
0	0	2.80
0	0	2.70
0	13	2.70
15	38	2.80
41	58	2.90
63	69	3.00
61	67	3.00
47	53	2.90
48	43	2.80
20	21	2.70
7	1	2.50
0	0	2.30
0	0	2.10
0	0	1.90
0	0	1.70
0	0	1.50
0	0	0.90
0	0	1.10
0	0	1.20
0	0	1.50
0	0	1.70
0	0	1.90
0	0	2.00
0	0	2.20
0	0	2.30
0	0	2.40
0	22	3.10
26	14	3.30
74	71	4.20
137	90	5.10
154	129	7.40
117	100	9.50
94	43	10.30
59	31	10.30
12	9	9.20
0	0	8.80
0	0	8.40
0	0	8.00
0	0	7.60
0	0	7.20
0	0	6.80
0	0	6.40
0	0	5.60
0	0	4.70
0	0	3.80
0	0	3.40
0	0	2.90
0	0	2.60
0	0	2.20
0	0	2.20
0	30	2.80
11	84	3.80
42	131	5.00
85	124	6.10
123	133	6.80
108	141	7.10
116	102	7.00
71	50	6.30
17	1	5.40
0	0	5.00
0	0	4.50
0	0	4.10
0	0	3.60
0	0	3.20
0	0	2.70
0	0	2.30
0	0	2.10
0	0	1.90
0	0	1.80
0	0	1.70
0	0	1.60
0	0	1.60
0	0	1.50
0	0	1.60
0	25	2.20
29	72	3.20
61	110	4.10
111	134	5.00
126	128	5.40
130	118	5.70
102	85	5.80
44	38	5.40
8	1	4.80
0	0	4.30
0	0	3.80
0	0	3.40
0	0	2.90
0	0	2.50
0	0	2.00
0	0	1.50
0	0	0.80
0	0	-0.10
0	0	-0.90
0	0	-1.40
0	0	-1.90
0	0	-2.20
0	0	-2.60
0	0	-2.70
0	26	-1.70
34	40	-0.20
104	45	1.50
158	48	2.90
169	47	3.90
138	46	4.30
105	42	4.20
53	34	3.40
12	2	2.10
0	0	1.50
0	0	0.90
0	0	0.20
0	0	-0.40
0	0	-1.00
0	0	-1.60
0	0	-2.20
0	0	-2.50
0	0	-2.70
0	0	-3.00
0	0	-3.20
0	0	-3.40
0	0	-3.50
0	0	-3.70
0	0	-3.70
0	28	-2.80
21	50	-1.40
45	64	0.10
58	80	1.30
79	80	2.10
113	75	2.50
106	72	2.40
69	44	1.60
14	1	0.50
0	0	0.10
0	0	-0.40
0	0	-0.80
0	0	-1.30
0	0	-1.70
0	0	-2.20
0	0	-2.60
0	0	-2.80
0	0	-3.00
0	0	-3.20
0	0	-3.30
0	0	-3.40
0	0	-3.50
0	0	-3.60
0	0	-3.60
0	25	-2.60
5	42	-0.90
39	48	0.90
20	56	2.50
28	53	3.60
44	50	4.10
55	43	4.10
39	34	3.20
15	2	2.00
0	0	1.40
0	0	0.80
0	0	0.30
0	0	-0.30
0	0	-0.80
0	0	-1.40
0	0	-1.90
0	0	-2.30
0	0	-2.60
0	0	-2.90
0	0	-3.10
0	0	-3.20
0	0	-3.40
0	0	-3.50
0	0	-3.60
0	21	-2.40
2	81	0.80
8	57	3.30
21	52	5.60
20	52	7.10
20	46	7.90
28	50	7.90
19	35	6.70
5	3	4.80
0	0	4.10
0	0	3.40
0	0	2.80
0	0	2.10
0	0	1.40
0	0	0.70
0	0	0.00
0	0	-0.80
0	0	-1.80
0	0	-2.70
0	0	-3.30
0	0	-3.80
0	0	-4.30
0	0	-4.70
0	0	-5.10
0	21	-4.40
28	68	-2.30
116	69	-0.40
193	61	1.20
217	73	2.00
202	71	2.30
149	71	1.70
80	41	0.50
16	1	-1.00
0	0	-0.80
0	0	-0.60
0	0	-0.50
0	0	-0.30
0	0	-0.10
0	0	0.00
0	0	0.20
0	0	0.60
0	0	1.00
0	0	1.50
0	0	1.80
0	0	2.10
0	0	2.40
0	0	2.70
0	0	2.80
0	4	3.30
24	23	4.10
74	27	4.60
119	28	4.90
167	30	5.10
171	122	8.00
128	55	9.40
75	38	9.50
13	1	8.60
0	0	8.50
0	0	8.40
0	0	8.30
0	0	8.20
0	0	8.20
0	0	8.10
0	0	8.00
0	0	7.50
0	0	6.90
0	0	6.30
0	0	6.00
0	0	5.70
0	0	5.40
0	0	5.20
0	0	5.00
0	5	5.00
10	34	5.30
38	49	5.50
77	57	5.60
113	65	5.70
161	55	5.70
138	39	5.60
57	20	5.40
12	1	5.20
0	0	4.80
0	0	4.40
0	0	4.10
0	0	3.40
0	0	3.20
0	0	2.90
0	0	2.60
0	0	2.30
0	0	1.90
0	0	1.50
0	0	1.30
0	0	1.10
0	0	0.90
0	0	0.80
0	0	0.70
0	4	0.90
3	15	1.10
25	33	1.50
64	36	1.70
89	41	1.90
83	117	3.70
50	44	4.60
24	39	4.60
4	1	3.90
0	0	3.40
0	0	3.00
0	0	2.60
0	0	2.20
0	0	1.80
0	0	1.40
0	0	0.90
0	0	0.50
0	0	0.10
0	0	-0.40
0	0	-0.60
0	0	-0.90
0	0	-1.10
0	0	-1.30
0	0	-1.50
0	3	-1.30
11	58	-0.10
46	87	0.80
69	129	1.90
77	146	2.80
67	129	3.30
63	84	3.10
36	41	2.60
7	1	1.70
0	0	1.40
0	0	1.20
0	0	1.00
0	0	0.70
0	0	0.50
0	0	0.20
0	0	0.00
0	0	-0.20
0	0	-0.30
0	0	-0.50
0	0	-0.50
0	0	-0.60
0	0	-0.70
0	0	-0.70
0	0	-0.80
0	3	-0.60
15	58	0.90
70	105	2.50
108	135	3.80
136	122	4.20
139	106	4.40
137	87	4.50
75	39	4.10
16	1	3.20
0	0	3.00
0	0	2.90
0	0	2.70
0	0	2.60
0	0	2.40
0	0	2.30
0	0	2.20
0	0	1.90
0	0	1.90
0	0	1.80
0	0	1.70
0	0	1.70
0	0	1.60
0	0	1.60
0	0	1.60
0	4	1.80
13	38	2.70
55	61	3.40
94	73	4.00
79	85	4.40
75	101	4.90
89	66	4.90
48	33	4.60
8	1	4.10
0	0	3.70
0	0	3.40
0	0	3.10
0	0	2.70
0	0	2.30
0	0	2.00
0	0	1.70
0	0	1.20
0	0	0.70
0	0	0.20
0	0	0.00
0	0	-0.30
0	0	-0.60
0	0	-0.80
0	0	-1.00
0	5	-0.90
4	48	-0.20
16	67	0.20
61	72	0.40
117	75	0.50
130	82	0.60
75	47	0.50
40	24	0.20
7	1	-0.30
0	0	-0.30
0	0	-0.60
0	0	-0.50
0	0	-0.50
0	0	-0.60
0	0	-0.60
0	0	-0.70
0	0	-0.50
0	0	-0.20
0	0	-0.10
0	0	-0.10
0	0	0.40
0	0	0.50
0	0	0.60
0	0	0.80
0	3	1.10
3	36	2.30
19	55	3.10
41	76	4.00
59	81	4.50
66	76	4.90
67	65	5.10
43	26	4.70
9	1	4.10
0	0	3.90
0	0	3.70
0	0	3.40
0	0	3.20
0	0	3.00
0	0	2.70
0	0	2.50
0	0	1.40
0	0	0.10
0	0	-1.20
0	0	-1.90
0	0	-2.60
0	0	-3.30
0	0	-3.80
0	0	-4.40
0	12	-4.10
11	74	-2.20
48	71	-0.90
69	101	0.10
106	96	0.80
100	81	1.30
91	75	1.10
61	37	0.10
13	2	-1.20
0	0	-1.50
0	0	-1.80
0	0	-2.10
0	0	-2.40
0	0	-2.70
0	0	-3.00
0	0	-3.30
0	0	-3.00
0	0	-2.60
0	0	-2.20
0	0	-2.00
0	0	-1.70
0	0	-1.50
0	0	-1.30
0	0	-1.10
0	10	-0.40
10	63	2.70
39	76	5.40
62	95	7.50
85	90	8.90
81	70	9.70
46	60	9.60
22	37	8.40
3	1	6.80
0	0	6.60
0	0	6.40
0	0	6.20
0	0	6.00
0	0	5.80
0	0	5.60
0	0	5.40
0	0	4.70
0	0	4.00
0	0	3.30
0	0	2.80
0	0	2.40
0	0	2.00
0	0	1.70
0	0	1.30
0	2	1.20
2	13	0.90
12	24	0.60
17	30	0.40
24	33	0.20
21	26	0.10
15	20	0.50
8	8	0.40
2	1	0.10
0	0	0.20
0	0	-0.20
0	0	-0.20
0	0	-0.50
0	0	-0.70
0	0	-0.90
0	0	-1.20
0	0	-1.00
0	0	-0.70
0	0	-0.40
0	0	-0.20
0	0	-0.10
0	0	0.10
0	0	0.20
0	0	0.40
0	6	0.80
8	63	3.40
30	74	5.90
65	106	7.60
91	109	8.80
99	133	9.30
56	90	9.10
13	36	8.20
2	1	6.80
0	0	6.70
0	0	6.60
0	0	6.50
0	0	6.50
0	0	6.40
0	0	6.30
0	0	6.20
0	0	5.80
0	0	5.40
0	0	5.00
0	0	4.70
0	0	4.50
0	0	4.30
0	0	4.10
0	0	3.90
0	5	4.10
2	58	5.50
15	106	6.70
29	133	7.60
36	135	8.20
48	118	8.40
41	80	8.10
29	33	7.40
5	1	6.50
0	0	6.50
0	0	6.60
0	0	6.60
0	0	6.60
0	0	6.60
0	0	6.60
0	0	6.60
0	0	6.70
0	0	6.90
0	0	7.10
0	0	7.20
0	0	7.40
0	0	7.50
0	0	7.60
0	0	7.70
0	2	7.90
3	29	8.80
21	65	9.90
36	76	10.70
62	98	11.50
116	73	11.70
100	46	11.60
65	16	11.10
15	1	10.60
0	0	10.40
0	0	9.90
0	0	9.90
0	0	9.70
0	0	9.50
0	0	9.30
0	0	9.00
0	0	8.30
0	0	7.40
0	0	6.60
0	0	6.10
0	0	5.60
0	0	5.10
0	0	4.70
0	0	4.40
0	4	4.30
5	48	4.60
27	69	4.80
50	69	4.80
53	74	4.80
53	72	4.80
47	54	4.60
27	29	4.20
6	1	4.10
0	0	4.00
0	0	3.90
0	0	3.70
0	0	3.60
0	0	3.50
0	0	3.40
0	0	3.30
0	0	3.60
0	0	4.10
0	0	4.60
0	0	4.80
0	0	5.10
0	0	5.40
0	0	5.70
0	0	5.90
0	3	6.20
3	39	7.50
17	94	9.40
31	87	10.10
37	126	11.20
44	111	11.80
30	59	11.60
24	18	10.90
4	1	10.20
0	0	10.00
0	0	9.90
0	0	9.80
0	0	9.70
0	0	9.50
0	0	9.40
0	0	9.30
0	0	8.70
0	0	8.10
0	0	7.50
0	0	7.10
0	0	6.80
0	0	6.50
0	0	6.20
0	0	6.00
0	8	6.20
2	47	6.90
18	94	8.10
40	106	8.50
38	113	8.80
35	108	8.90
30	83	8.90
13	30	8.40
1	2	7.70
0	0	7.40
0	0	7.10
0	0	6.80
0	0	6.40
0	0	6.10
0	0	5.80
0	0	5.50
0	0	5.40
0	0	5.30
0	0	5.20
0	0	5.20
0	0	5.20
0	0	5.20
0	0	5.20
0	0	5.20
0	2	5.30
12	35	6.20
79	73	7.20
148	102	8.10
189	111	8.80
192	97	9.10
113	66	9.10
61	32	8.70
13	1	8.10
0	0	7.80
0	0	7.40
0	0	7.00
0	0	6.60
0	0	6.10
0	0	5.90
0	0	5.50
0	0	4.30
0	0	3.20
0	0	1.70
0	0	1.00
0	0	-0.20
0	0	-0.30
0	0	-0.80
0	0	-1.30
0	2	-1.70
6	12	-2.40
49	22	-3.10
69	27	-3.70
67	29	-4.20
53	23	-4.50
41	17	-3.10
28	9	-3.10
8	1	-2.80
0	0	-3.10
0	0	-3.30
0	0	-3.50
0	0	-3.80
0	0	-4.10
0	0	-4.40
0	0	-4.60
0	0	-3.90
0	0	-3.00
0	0	-2.20
0	0	-1.70
0	0	-1.10
0	0	-0.60
0	0	-0.20
0	0	0.20
0	2	0.60
5	9	1.10
39	60	2.80
75	40	3.30
101	65	4.10
113	113	7.10
101	51	8.60
69	36	8.60
16	2	7.50
0	0	7.20
0	0	6.90
0	0	6.50
0	0	6.20
0	0	5.90
0	0	5.60
0	0	5.20
0	0	3.80
0	0	2.10
0	0	0.50
0	0	-0.40
0	0	-1.30
0	0	-2.20
0	0	-2.80
0	0	-3.50
0	7	-3.40
5	33	-1.40
37	51	0.40
68	56	1.80
113	58	2.70
113	55	3.10
68	44	2.90
41	30	1.80
7	1	0.40
0	0	-0.60
0	0	-1.50
0	0	-2.50
0	0	-3.50
0	0	-4.40
0	0	-5.40
0	0	-6.40
0	0	-6.80
0	0	-7.20
0	0	-7.60
0	0	-7.80
0	0	-8.00
0	0	-8.20
0	0	-8.30
0	0	-8.40
0	11	-7.80
1	70	-5.00
6	72	-4.80
13	88	-4.40
21	113	-2.30
19	72	-1.30
14	63	-1.10
12	42	-1.80
2	5	-3.00
0	0	-3.30
0	0	-3.70
0	0	-4.00
0	0	-4.30
0	0	-4.60
0	0	-4.90
0	0	-5.20
0	0	-5.60
0	0	-6.00
0	0	-6.50
0	0	-6.70
0	0	-6.90
0	0	-7.20
0	0	-7.30
0	0	-7.50
0	2	-7.50
11	9	-7.50
82	16	-7.20
142	21	-7.10
189	55	-6.80
209	124	-5.40
173	86	-5.00
101	53	-5.00
22	2	-5.50
0	0	-5.70
0	0	-5.80
0	0	-5.90
0	0	-6.00
0	0	-6.10
0	0	-6.30
0	0	-6.40
0	0	-6.30
0	0	-6.30
0	0	-6.20
0	0	-6.20
0	0	-6.10
0	0	-6.00
0	0	-6.00
0	0	-5.90
0	2	-5.80
7	10	-5.50
53	50	-4.50
116	108	-3.00
178	26	-3.20
191	115	-1.70
169	77	-1.00
101	43	-1.10
23	1	-1.90
0	0	-2.00
0	0	-2.20
0	0	-2.30
0	0	-2.40
0	0	-2.60
0	0	-2.70
0	0	-2.90
0	0	-3.20
0	0	-3.50
0	0	-3.80
0	0	-4.00
0	0	-4.20
0	0	-4.30
0	0	-4.40
0	0	-4.50
0	2	-4.50
2	10	-4.30
21	68	-3.30
65	90	-2.60
114	125	-1.70
136	103	-1.40
111	85	-1.20
64	43	-1.40
12	1	-2.00
0	0	-2.40
0	0	-2.70
0	0	-3.00
0	0	-3.40
0	0	-3.70
0	0	-4.10
0	0	-4.40
0	0	-4.80
0	0	-5.10
0	0	-5.50
0	0	-5.60
0	0	-5.80
0	0	-6.00
0	0	-6.10
0	0	-6.30
0	4	-6.10
4	43	-3.80
35	63	-1.70
75	85	-0.10
121	105	1.00
140	80	1.50
125	68	1.40
65	44	0.50
16	1	-0.90
0	0	-1.00
0	0	-1.20
0	0	-1.30
0	0	-1.40
0	0	-1.50
0	0	-1.60
0	0	-1.70
0	0	-1.80
0	0	-1.80
0	0	-1.90
0	0	-1.90
0	0	-1.90
0	0	-2.00
0	0	-2.00
0	0	-2.00
0	2	-1.90
2	43	-0.80
15	77	0.20
26	105	1.10
22	127	1.90
24	116	2.30
18	74	2.20
7	34	1.70
1	1	0.90
0	0	1.10
0	0	1.40
0	0	1.60
0	0	1.90
0	0	2.10
0	0	2.30
0	0	2.60
0	0	2.60
0	0	2.70
0	0	2.80
0	0	2.80
0	0	2.90
0	0	2.90
0	0	2.90
0	0	3.00
0	2	3.10
3	20	3.80
23	36	4.30
41	52	4.80
39	59	5.20
20	57	5.50
12	36	5.50
10	19	5.30
2	1	5.00
0	0	4.80
0	0	4.60
0	0	4.30
0	0	4.20
0	0	3.70
0	0	3.70
0	0	3.60
0	0	3.00
0	0	2.10
0	0	1.30
0	0	0.80
0	0	0.30
0	0	-0.10
0	0	-0.50
0	0	-0.90
0	2	-0.90
1	36	-0.70
20	72	-0.40
36	80	-0.30
63	87	-0.30
61	63	-0.40
54	47	-0.50
40	26	-0.80
9	1	-1.10
0	0	-1.20
0	0	-1.40
0	0	-1.50
0	0	-1.80
0	0	-1.90
0	0	-2.20
0	0	-2.20
