0	0	9.30
0	0	8.80
0	0	8.30
0	0	8.10
0	0	7.90
0	0	7.70
0	0	7.60
0	0	7.50
0	4	7.70
1	43	9.10
9	63	10.40
18	72	11.50
39	85	12.20
33	90	12.60
35	79	12.60
28	43	12.10
8	1	11.40
0	0	10.70
0	0	10.10
0	0	9.50
0	0	8.90
0	0	8.30
0	0	7.60
0	0	7.00
0	0	5.80
0	0	4.40
0	0	3.10
0	0	2.30
0	0	1.60
0	0	0.80
0	0	0.30
0	0	-0.30
0	5	-0.30
6	35	1.50
28	43	3.00
62	47	4.40
79	46	5.20
58	45	5.60
53	57	5.60
34	41	4.80
4	5	3.50
0	0	3.00
0	0	2.50
0	0	2.00
0	0	1.60
0	0	1.10
0	0	0.60
0	0	0.10
0	0	0.20
0	0	0.40
0	0	0.60
0	0	0.70
0	0	0.80
0	0	0.90
0	0	1.00
0	0	1.10
0	3	1.30
4	54	2.90
42	95	4.30
76	120	5.20
132	127	5.90
116	115	6.30
110	87	6.30
56	43	5.90
19	1	5.10
0	0	4.80
0	0	4.60
0	0	4.40
0	0	4.20
0	0	3.90
0	0	3.70
0	0	3.50
0	0	3.10
0	0	2.40
0	0	2.00
0	0	1.80
0	0	1.50
0	0	1.30
0	0	1.10
0	0	0.90
0	4	0.90
4	39	1.40
27	67	1.80
60	75	2.00
65	84	2.10
67	73	2.20
48	55	2.10
27	27	1.90
12	1	1.60
0	0	1.30
0	0	1.10
0	0	0.80
0	0	0.60
0	0	0.30
0	0	0.00
0	0	-0.60
0	0	-0.30
0	0	-0.30
0	0	-0.30
0	0	-0.40
0	0	-0.30
0	0	-0.30
0	0	-0.30
0	0	-0.30
0	2	-0.20
7	35	0.60
62	63	1.40
148	84	2.10
202	92	2.50
201	84	2.80
129	66	2.90
64	33	2.60
14	1	2.10
0	0	1.80
0	0	1.50
0	0	1.20
0	0	0.90
0	0	0.50
0	0	0.30
0	0	-0.30
0	0	-0.40
0	0	-0.90
0	0	-1.40
0	0	-1.70
0	0	-1.90
0	0	-2.10
0	0	-2.30
0	0	-2.50
0	2	-2.50
11	40	-1.90
81	73	-1.30
149	92	-0.90
212	100	-0.60
210	97	-0.50
189	74	-0.50
119	39	-0.70
36	2	-1.20
0	0	-1.40
0	0	-1.70
0	0	-1.90
0	0	-2.20
0	0	-2.50
0	0	-2.70
0	0	-3.00
0	0	-3.00
0	0	-3.10
0	0	-3.10
0	0	-3.10
0	0	-3.10
0	0	-3.10
0	0	-3.10
0	0	-3.10
0	5	-2.80
7	52	-0.90
46	105	0.80
90	117	2.30
120	128	3.40
93	108	4.00
82	103	3.90
57	55	3.10
17	2	2.00
0	0	1.70
0	0	1.40
0	0	1.10
0	0	0.80
0	0	0.50
0	0	0.10
0	0	-0.20
0	0	-0.80
0	0	-1.20
0	0	-1.70
0	0	-2.00
0	0	-2.30
0	0	-2.60
0	0	-2.80
0	0	-3.00
0	2	-3.00
8	41	-2.30
54	49	-2.00
120	33	-2.10
156	30	-2.10
171	121	-1.20
155	82	-0.80
100	50	-0.70
31	8	-1.20
0	0	-1.60
0	0	-2.00
0	0	-2.30
0	0	-2.70
0	0	-3.00
0	0	-3.40
0	0	-3.80
0	0	-4.00
0	0	-4.20
0	0	-4.40
0	0	-4.50
0	0	-4.60
0	0	-4.80
0	0	-4.90
0	0	-4.90
0	3	-4.80
9	42	-4.00
44	74	-3.30
70	99	-2.70
71	96	-2.30
120	86	-2.20
106	80	-2.10
50	36	-2.40
11	2	-3.00
0	0	-3.10
0	0	-3.20
0	0	-3.50
0	0	-3.50
0	0	-3.50
0	0	-3.60
0	0	-3.80
0	0	-3.80
0	0	-3.80
0	0	-3.90
0	0	-3.90
0	0	-3.90
0	0	-3.90
0	0	-3.90
0	0	-3.90
0	3	-3.80
2	35	-3.00
18	66	-2.20
27	82	-1.60
43	74	-1.30
73	81	-1.00
64	60	-1.00
41	38	-1.20
15	4	-1.70
0	0	-1.90
0	0	-2.10
0	0	-2.50
0	0	-2.20
0	0	-2.40
0	0	-2.50
0	0	-2.60
0	0	-2.80
0	0	-2.90
0	0	-3.00
0	0	-3.10
0	0	-3.10
0	0	-3.10
0	0	-3.10
0	0	-3.20
0	2	-3.00
5	55	-1.60
39	103	-0.30
66	135	0.90
102	148	1.70
110	137	2.20
97	101	2.30
65	57	1.90
21	4	1.10
0	0	0.50
0	0	-0.10
0	0	-0.60
0	0	-1.20
0	0	-1.80
0	0	-2.40
0	0	-2.90
0	0	-4.00
0	0	-5.40
0	0	-6.70
0	0	-7.50
0	0	-8.20
0	0	-9.00
0	0	-9.60
0	0	-10.20
0	13	-10.10
8	61	-9.40
28	85	-8.70
46	112	-7.80
44	130	-7.50
43	121	-8.00
35	104	-8.30
28	72	-8.80
14	6	-9.70
0	0	-9.90
0	0	-10.20
0	0	-10.50
0	0	-10.70
0	0	-11.00
0	0	-11.30
0	0	-11.50
0	0	-11.10
0	0	-10.80
0	0	-9.70
0	0	-9.20
0	0	-8.80
0	0	-8.40
0	0	-8.10
0	0	-7.80
0	2	-7.50
3	28	-6.20
24	54	-5.00
43	63	-4.10
73	67	-3.40
71	58	-3.10
71	45	-3.00
60	24	-3.30
24	2	-3.90
0	0	-3.80
0	0	-3.80
0	0	-3.80
0	0	-3.80
0	0	-3.90
0	0	-3.70
0	0	-3.70
0	0	-4.10
0	0	-4.50
0	0	-4.90
0	0	-5.10
0	0	-5.40
0	0	-5.60
0	0	-5.80
0	0	-5.90
0	2	-5.90
4	40	-5.40
26	72	-4.60
40	93	-4.10
44	104	-3.80
53	96	-3.60
38	81	-3.60
23	47	-3.80
8	4	-4.20
0	0	-4.70
0	0	-5.00
0	0	-5.40
0	0	-5.80
0	0	-6.10
0	0	-6.50
0	0	-6.90
0	0	-7.50
0	0	-7.50
0	0	-7.80
0	0	-8.00
0	0	-8.20
0	0	-8.30
0	0	-8.50
0	0	-8.60
0	2	-8.50
10	47	-7.70
60	73	-7.10
124	101	-6.60
169	105	-6.20
181	95	-6.10
141	47	-6.30
86	38	-6.60
33	6	-7.00
0	0	-7.10
0	0	-7.10
0	0	-7.20
0	0	-7.30
0	0	-7.30
0	0	-7.30
0	0	-7.40
0	0	-7.30
0	0	-7.20
0	0	-7.10
0	0	-6.90
0	0	-6.80
0	0	-6.70
0	0	-6.60
0	0	-6.50
0	3	-6.30
11	14	-5.90
64	25	-5.50
113	33	-5.20
126	35	-4.90
126	137	-2.50
66	63	-1.20
40	77	-0.80
16	10	-1.60
0	0	-1.80
0	0	-1.90
0	0	-2.10
0	0	-2.30
0	0	-2.40
0	0	-2.60
0	0	-2.70
0	0	-3.20
0	0	-3.60
0	0	-4.10
0	0	-4.30
0	0	-4.50
0	0	-4.80
0	0	-4.90
0	0	-5.10
0	5	-4.90
3	77	-2.20
16	47	0.30
49	55	2.50
79	54	3.90
93	55	4.60
132	62	4.60
130	83	3.60
59	4	1.80
2	0	1.60
0	0	1.30
0	0	1.10
0	0	0.80
0	0	0.60
0	0	0.30
0	0	0.10
0	0	-0.10
0	0	-0.20
0	0	-0.40
0	0	-0.40
0	0	-0.50
0	0	-0.50
0	0	-0.50
0	0	-0.60
0	3	-0.40
12	14	-0.10
56	25	0.30
124	40	0.60
148	54	1.00
152	145	3.60
106	46	4.90
76	86	5.30
32	18	4.40
1	0	4.20
0	0	4.00
0	0	3.80
0	0	3.70
0	0	3.50
0	0	3.30
0	0	3.10
0	0	2.80
0	0	2.50
0	0	2.20
0	0	2.10
0	0	2.00
0	0	1.80
0	0	1.80
0	0	1.70
0	3	1.80
17	12	2.10
86	22	2.30
161	28	2.60
182	31	2.70
199	135	5.00
172	62	6.50
106	116	7.10
52	25	6.30
2	0	6.00
0	0	5.60
0	0	5.30
0	0	4.90
0	0	4.50
0	0	4.20
0	0	3.80
0	0	3.40
0	0	2.90
0	0	2.40
0	0	2.10
0	0	1.80
0	0	1.50
0	0	1.40
0	0	1.20
0	3	1.30
23	21	1.60
108	24	1.70
186	42	2.00
233	55	2.20
226	136	4.10
201	67	4.90
128	81	5.10
47	15	4.40
3	0	4.20
0	0	4.10
0	0	3.90
0	0	3.70
0	0	3.60
0	0	3.40
0	0	3.30
0	0	3.30
0	0	3.30
0	0	3.40
0	0	3.40
0	0	3.50
0	0	3.50
0	0	3.60
0	0	3.60
0	3	3.80
24	51	5.50
110	112	7.10
195	148	8.60
252	170	9.80
266	159	10.60
236	119	10.70
166	70	10.20
73	8	9.10
5	0	8.80
0	0	8.40
0	0	8.10
0	0	7.70
0	0	7.30
0	0	7.00
0	0	6.60
0	0	6.00
0	0	5.50
0	0	4.90
0	0	4.70
0	0	4.40
0	0	4.20
0	0	4.00
0	0	3.90
0	5	4.10
10	66	6.00
56	123	7.50
108	117	9.20
161	144	10.30
191	97	11.70
189	45	12.30
151	108	12.20
68	18	10.90
5	0	10.00
0	0	9.20
0	0	8.30
0	0	7.40
0	0	6.60
0	0	5.70
0	0	4.90
0	0	3.90
0	0	2.80
0	0	1.80
0	0	1.20
0	0	0.70
0	0	0.10
0	0	-0.20
0	0	-0.60
0	16	0.00
4	102	3.20
26	67	6.00
36	72	8.10
49	74	9.70
68	73	10.60
56	66	10.70
39	109	9.90
14	26	7.90
1	0	6.70
0	0	5.50
0	0	4.30
0	0	3.10
0	0	1.90
0	0	0.70
0	0	-0.50
0	0	-1.60
0	0	-2.80
0	0	-4.00
0	0	-4.70
0	0	-5.40
0	0	-6.10
0	0	-6.60
0	0	-7.10
0	9	-6.90
7	69	-4.90
36	72	-2.90
80	118	-1.60
90	150	-0.90
125	97	0.10
87	57	0.40
70	110	0.20
36	39	-1.30
4	0	-1.60
0	0	-1.90
0	0	-2.10
0	0	-2.40
0	0	-2.70
0	0	-3.00
0	0	-3.30
0	0	-2.90
0	0	-2.50
0	0	-2.10
0	0	-1.80
0	0	-1.60
0	0	-1.30
0	0	-1.10
0	0	-1.00
0	4	-0.70
11	17	0.10
39	32	-0.10
54	41	1.10
64	42	1.80
83	38	2.00
71	31	1.90
42	23	2.10
19	8	1.40
2	0	1.30
0	0	1.40
0	0	1.50
0	0	1.50
0	0	1.50
0	0	1.60
0	0	1.70
0	0	1.40
0	0	1.20
0	0	1.00
0	0	0.90
0	0	0.80
0	0	0.70
0	0	0.60
0	0	0.60
0	17	1.50
8	70	3.80
38	116	5.00
67	150	6.10
115	143	8.30
83	123	9.80
72	66	10.70
54	56	10.80
33	37	9.70
4	0	8.10
0	0	7.80
0	0	7.60
0	0	7.30
0	0	7.00
0	0	6.70
0	0	6.40
0	0	6.10
0	0	5.70
0	0	5.30
0	0	5.10
0	0	4.90
0	0	4.70
0	0	4.60
0	0	4.40
0	4	4.50
4	25	4.80
11	44	5.10
15	56	5.20
21	62	5.40
35	57	4.90
31	48	5.50
31	31	5.10
16	10	5.10
4	0	4.90
0	0	4.60
0	0	4.10
0	0	3.90
0	0	3.60
0	0	3.30
0	0	2.90
0	0	2.60
0	0	2.10
0	0	1.60
0	0	1.50
0	0	1.30
0	0	1.00
0	0	0.90
0	0	0.70
0	8	1.00
35	64	2.10
103	69	2.50
180	114	3.20
246	137	3.70
283	119	4.00
260	90	3.90
187	51	3.60
97	21	3.10
12	0	2.60
0	0	2.30
0	0	2.10
0	0	1.90
0	0	1.60
0	0	1.40
0	0	1.10
0	0	1.00
0	0	1.00
0	0	0.90
0	0	0.90
0	0	0.90
0	0	0.90
0	0	0.90
0	0	0.90
0	4	1.20
2	72	3.10
8	116	4.50
11	162	6.60
21	162	8.40
32	166	9.00
52	135	9.00
49	81	8.30
19	42	7.50
3	1	6.30
0	0	6.20
0	0	6.00
0	0	5.80
0	0	5.60
0	0	5.40
0	0	5.20
0	0	4.90
0	0	4.50
0	0	4.20
0	0	4.00
0	0	3.80
0	0	3.70
0	0	3.50
0	0	3.40
0	5	3.70
26	31	4.30
90	54	4.90
178	56	5.20
231	37	5.30
222	156	7.70
243	70	9.00
158	56	9.40
81	40	8.80
13	0	7.90
0	0	7.70
0	0	7.40
0	0	7.20
0	0	7.00
0	0	6.80
0	0	6.50
0	0	6.30
0	0	6.10
0	0	5.90
0	0	5.90
0	0	5.80
0	0	5.80
0	0	5.70
0	0	5.70
0	6	6.00
24	68	7.40
74	109	8.40
123	158	9.60
157	181	11.00
108	183	12.00
110	139	12.50
115	17	11.30
62	7	10.40
12	0	9.60
0	0	9.40
0	0	9.30
0	0	9.20
0	0	9.10
0	0	8.90
0	0	8.80
0	0	8.50
0	0	8.10
0	0	7.70
0	0	7.50
0	0	7.30
0	0	7.10
0	0	7.00
0	0	6.90
0	5	7.00
23	68	8.20
84	56	8.30
126	146	9.10
106	181	10.00
103	160	10.30
99	121	10.30
57	92	10.30
21	61	10.10
2	2	9.50
0	0	9.10
0	0	8.70
0	0	8.30
0	0	7.80
0	0	7.50
0	0	7.10
0	0	6.80
0	0	6.50
0	0	6.20
0	0	6.00
0	0	5.90
0	0	5.80
0	0	5.80
0	0	5.80
0	34	6.60
37	93	7.80
104	124	8.30
135	161	9.20
219	193	10.30
286	67	9.70
240	29	9.10
194	19	8.60
106	48	8.30
17	0	7.90
0	0	7.50
0	0	7.20
0	0	6.80
0	0	6.40
0	0	6.10
0	0	5.70
0	0	5.00
0	0	4.10
0	0	3.80
0	0	3.50
0	0	3.20
0	0	3.00
0	0	2.80
0	0	2.70
0	16	2.90
27	75	3.40
65	129	4.10
77	112	4.40
75	120	4.60
50	100	4.60
24	114	4.70
21	87	4.70
10	40	4.40
3	2	4.00
0	0	3.50
0	0	3.00
0	0	2.40
0	0	1.90
0	0	1.30
0	0	0.70
0	0	-0.10
0	0	-1.10
0	0	-2.10
0	0	-2.60
0	0	-3.20
0	0	-3.60
0	0	-3.90
0	0	-4.00
0	31	-3.40
12	88	-2.40
38	116	-1.70
54	142	-1.00
109	186	-0.80
133	171	-0.90
95	66	-1.50
117	19	-2.20
77	12	-2.80
14	1	-3.30
0	0	-3.20
0	0	-3.10
0	0	-3.00
0	0	-2.80
0	0	-2.70
0	0	-2.60
0	0	-2.30
0	0	-1.80
0	0	-1.40
0	0	-1.10
0	0	-1.00
0	0	-0.70
0	0	-0.40
0	0	-0.30
0	7	0.00
37	20	0.40
102	28	0.70
206	35	1.00
263	38	1.30
254	171	3.50
256	125	4.80
173	93	5.40
94	46	5.30
22	1	4.60
0	0	4.40
0	0	4.20
0	0	3.90
0	0	3.70
0	0	3.50
0	0	3.20
0	0	2.50
0	0	1.80
0	0	1.00
0	0	0.60
0	0	0.20
0	0	-0.10
0	0	-0.40
0	0	-0.50
0	6	-0.50
20	18	-0.40
54	27	-0.30
71	33	-0.30
112	48	-0.50
161	181	0.70
101	134	1.20
69	97	1.40
30	45	1.20
3	1	0.80
0	0	0.70
0	0	0.50
0	0	0.40
0	0	0.20
0	0	0.10
0	0	0.00
0	0	0.10
0	0	0.30
0	0	0.50
0	0	0.60
0	0	0.70
0	0	0.80
0	0	0.90
0	0	0.90
1	14	1.10
44	42	1.90
115	72	2.60
147	90	3.20
257	90	3.50
305	92	3.90
259	73	4.00
201	44	4.00
104	20	3.70
29	1	3.40
0	0	3.20
0	0	3.00
0	0	2.70
0	0	2.50
0	0	1.80
0	0	2.00
0	0	1.10
0	0	0.10
0	0	-1.00
0	0	-1.60
0	0	-2.10
0	0	-2.60
0	0	-3.00
0	0	-3.00
0	35	-2.70
8	96	-2.10
24	149	-1.50
41	185	-0.90
53	199	-0.60
41	184	-0.40
32	151	-0.40
17	103	-0.60
7	49	-1.00
1	1	-1.60
0	0	-2.10
0	0	-2.70
0	0	-3.30
0	0	-4.00
0	0	-4.50
0	0	-5.10
0	0	-5.30
0	0	-5.50
0	0	-5.80
0	0	-5.90
0	0	-6.00
0	0	-6.10
0	0	-6.20
0	0	-6.20
1	40	-5.30
37	104	-3.80
81	165	-2.40
100	205	-1.10
109	218	-0.20
93	208	0.30
72	173	0.50
70	119	0.30
33	55	-0.40
11	1	-1.40
0	0	-1.50
0	0	-1.70
0	0	-1.80
0	0	-2.00
0	0	-2.10
0	0	-2.20
0	0	-2.30
0	0	-2.60
0	0	-2.50
0	0	-2.60
0	0	-2.60
0	0	-2.60
0	0	-2.60
0	0	-2.50
2	10	-2.30
39	87	-1.30
107	118	-0.50
173	185	0.60
234	141	1.00
265	147	1.30
159	110	1.40
65	56	1.10
37	10	0.60
11	1	0.10
0	0	-0.20
0	0	-0.90
0	0	-0.80
0	0	-1.00
0	0	-1.30
0	0	-1.50
0	0	-1.90
0	0	-2.30
0	0	-2.70
0	0	-2.80
0	0	-3.00
0	0	-3.10
0	0	-3.30
0	0	-3.20
3	44	-2.30
48	109	-0.80
152	171	0.80
220	212	2.10
253	229	3.20
293	179	3.90
185	183	4.20
184	126	3.90
115	65	3.20
34	3	2.20
0	0	1.60
0	0	1.00
0	0	0.40
0	0	-0.20
0	0	-0.70
0	0	-1.30
0	0	-1.90
0	0	-2.60
0	0	-3.30
0	0	-3.70
0	0	-4.10
0	0	-4.40
0	0	-4.60
0	0	-4.70
5	49	-3.80
76	90	-2.30
163	127	-0.80
232	215	0.40
300	231	1.20
324	220	1.60
277	181	1.70
243	99	1.60
155	60	0.80
51	1	-0.30
0	0	-0.40
0	0	-0.40
0	0	-0.50
0	0	-0.60
0	0	-0.70
0	0	-0.80
0	0	-0.60
0	0	-0.30
0	0	0.10
0	0	0.20
0	0	0.40
0	0	0.60
0	0	0.70
0	0	0.80
7	34	1.70
91	87	2.90
210	127	4.00
316	150	4.90
368	160	5.60
386	153	6.10
363	132	6.30
287	93	6.30
177	41	5.80
59	2	5.20
0	0	4.80
0	0	4.10
0	0	3.90
0	0	3.40
0	0	2.90
0	0	2.60
0	0	1.10
0	0	-0.60
0	0	-2.30
0	0	-3.20
0	0	-4.10
0	0	-4.80
0	0	-5.40
0	1	-5.70
7	39	-5.50
80	96	-5.20
190	153	-5.00
293	195	-4.70
343	213	-4.60
370	192	-4.50
314	150	-4.70
239	101	-4.90
150	51	-5.30
46	2	-5.80
0	0	-6.40
0	0	-7.00
0	0	-7.60
0	0	-8.10
0	0	-8.70
0	0	-9.30
0	0	-9.20
0	0	-9.10
0	0	-9.00
0	0	-8.90
0	0	-8.90
0	0	-8.80
0	0	-8.80
0	1	-8.70
9	50	-7.20
82	101	-5.20
169	146	-3.40
254	163	-1.50
251	184	-0.30
187	185	0.50
149	141	0.90
103	91	0.90
100	70	0.10
53	6	-1.30
1	0	-1.40
0	0	-1.50
0	0	-1.70
0	0	-1.80
0	0	-1.90
0	0	-2.00
0	0	-2.20
0	0	-2.30
0	0	-2.50
0	0	-2.50
0	0	-2.60
0	0	-2.60
0	0	-2.60
0	4	-2.50
3	66	-0.60
33	65	-0.40
76	164	1.00
123	203	2.70
117	155	4.70
99	214	5.40
60	182	5.60
23	117	5.00
27	13	3.90
11	15	2.90
0	0	2.60
0	0	2.20
0	0	1.80
0	0	1.50
0	0	1.10
0	0	0.70
0	0	0.20
0	0	-0.30
0	0	-0.90
0	0	-1.10
0	0	-1.40
0	0	-1.60
0	0	-1.70
0	2	-1.70
10	37	0.40
88	45	3.00
179	49	5.40
239	50	7.50
214	52	9.10
177	50	10.20
175	50	10.70
98	46	10.50
77	85	9.40
41	9	7.60
1	0	6.70
0	0	5.80
0	0	5.00
0	0	4.10
0	0	3.20
0	0	2.30
0	0	1.40
0	0	0.50
0	0	-0.50
0	0	-1.00
0	0	-1.60
0	0	-1.90
0	0	-2.30
0	1	-2.40
10	50	-1.70
75	119	-0.80
148	174	0.10
281	209	0.80
224	214	1.30
107	210	1.50
59	189	1.70
37	133	1.60
22	70	1.10
10	6	0.40
0	0	-0.20
0	0	-0.70
0	0	-1.20
0	0	-1.80
0	0	-2.30
0	0	-2.80
0	0	-3.00
0	0	-3.20
0	0	-3.40
0	0	-3.40
0	0	-3.50
0	0	-3.60
0	0	-3.60
0	3	-3.50
6	40	-1.20
53	52	1.40
108	56	3.90
190	66	6.10
262	59	7.80
304	57	8.90
244	61	9.50
254	54	9.20
173	86	8.00
73	10	6.20
3	0	5.90
0	0	5.70
0	0	5.40
0	0	5.10
0	0	4.80
0	0	4.60
0	0	4.30
0	0	4.00
0	0	3.70
0	0	3.50
0	0	3.30
0	0	3.20
0	0	3.10
0	2	3.20
8	50	4.00
43	117	5.20
111	156	6.10
98	187	6.90
114	197	7.50
104	189	7.90
63	169	8.00
51	115	7.90
20	57	7.30
8	3	6.50
0	0	6.40
0	0	6.10
0	0	5.80
0	0	5.60
0	0	5.30
0	0	5.00
0	0	4.80
0	0	4.70
0	0	4.70
0	0	4.70
0	0	4.70
0	0	4.70
0	0	4.70
0	3	4.90
9	50	6.80
68	73	9.10
176	61	11.60
243	61	13.60
396	63	15.20
370	99	15.10
286	118	15.10
171	103	15.10
82	86	15.10
21	3	13.70
1	0	13.20
0	0	12.60
0	0	12.10
0	0	11.50
0	0	11.00
0	0	10.40
0	0	9.40
0	0	8.40
0	0	7.30
0	0	6.80
0	0	6.30
0	0	5.90
0	0	5.50
0	5	5.70
11	80	7.20
77	118	8.80
204	126	10.70
259	130	12.30
299	208	13.30
298	146	14.30
302	151	14.60
192	144	14.10
129	88	13.30
47	3	12.00
4	0	10.80
0	0	9.60
0	0	8.40
0	0	7.30
0	0	6.10
0	0	4.90
0	0	3.90
0	0	2.80
0	0	1.70
0	0	1.10
0	0	0.50
0	0	0.10
0	0	-0.30
0	4	-0.30
20	79	1.80
93	57	4.10
187	61	6.30
264	70	8.10
280	91	9.50
327	114	10.10
233	109	10.40
157	54	10.20
136	91	9.20
85	19	7.60
7	0	6.60
0	0	5.70
0	0	4.70
0	0	3.70
0	0	2.80
0	0	1.80
0	0	1.20
0	0	0.50
0	0	-0.20
0	0	-0.50
0	0	-0.90
0	0	-1.10
0	0	-1.40
0	7	-1.20
22	82	1.40
88	48	4.10
155	49	6.70
224	53	8.90
271	55	10.60
296	54	11.60
274	50	12.00
202	47	11.80
120	94	10.50
31	18	8.60
1	0	8.00
0	0	7.30
0	0	6.70
0	0	6.10
0	0	5.40
0	0	4.80
0	0	4.30
0	0	3.90
0	0	3.50
0	0	3.20
0	0	3.00
0	0	2.90
0	0	2.70
0	2	2.80
32	12	2.70
148	24	3.20
269	34	3.40
368	41	3.60
375	53	3.70
353	229	5.50
360	226	6.50
235	167	7.00
169	83	7.00
73	15	6.50
7	0	5.90
0	0	5.20
0	0	4.60
0	0	4.00
0	0	3.30
0	0	2.70
0	0	2.00
0	0	1.30
0	0	0.50
0	0	0.10
0	0	-0.30
0	0	-0.60
0	0	-0.90
0	3	-0.90
32	29	-0.60
131	37	-0.30
254	33	-0.30
279	76	0.00
229	105	0.30
265	220	2.00
252	161	3.10
219	112	3.60
153	84	3.50
76	21	2.80
8	0	2.80
0	0	2.80
0	0	2.90
0	0	2.90
0	0	2.90
0	0	2.90
0	0	3.20
0	0	3.50
0	0	3.80
0	0	3.90
0	0	4.10
0	0	4.20
0	0	4.40
0	2	4.50
39	22	5.10
154	47	5.80
259	58	6.20
344	79	6.80
384	82	7.20
398	81	7.50
384	70	7.60
295	51	7.40
179	30	7.40
84	4	7.10
10	0	6.80
0	0	6.70
0	0	6.40
0	0	6.10
0	0	5.20
0	0	5.40
0	0	5.10
0	0	4.40
0	0	3.70
0	0	3.30
0	0	2.90
0	0	2.70
0	0	2.40
0	6	2.50
24	73	3.90
100	133	5.10
195	202	6.50
379	231	7.60
451	239	9.50
471	252	10.20
432	210	10.40
360	155	10.40
248	107	10.30
118	48	9.20
15	0	8.40
0	0	7.70
0	0	6.90
0	0	6.10
0	0	5.40
0	0	4.60
0	0	4.10
0	0	3.50
0	0	2.90
0	0	2.60
0	0	2.30
0	0	2.10
0	0	1.90
0	12	2.20
48	78	3.20
177	70	3.40
308	201	4.70
414	226	6.20
478	283	7.20
495	267	7.70
461	233	8.00
380	148	8.10
263	90	7.50
128	5	6.50
18	0	5.70
0	0	5.30
0	0	4.80
0	0	4.40
0	0	4.00
0	0	3.50
0	0	3.00
0	0	2.90
0	0	2.60
0	0	2.40
0	0	2.30
0	0	2.20
0	0	2.10
0	7	2.30
39	62	3.00
134	151	4.20
214	209	5.60
325	267	6.60
427	267	7.30
444	185	7.20
437	185	7.10
375	86	6.60
261	23	5.90
127	5	5.30
19	0	4.70
0	0	4.30
0	0	4.00
0	0	3.60
0	0	3.30
0	0	2.90
0	0	2.50
0	0	2.10
0	0	1.70
0	0	1.40
0	0	1.20
0	0	1.10
0	0	0.90
0	7	1.00
47	58	1.60
140	85	1.90
218	110	2.20
228	136	2.50
266	129	2.70
224	122	2.70
273	103	2.70
234	71	2.60
138	46	2.40
70	16	2.10
12	0	1.80
0	0	1.40
0	0	0.90
0	0	0.20
0	0	0.30
0	0	0.00
0	0	-0.20
0	0	-0.50
0	0	-0.70
0	0	-0.80
0	0	-0.90
0	0	-1.00
0	0	-1.10
0	6	-0.90
30	40	-0.60
112	62	-0.40
146	105	0.40
182	149	0.90
205	153	1.30
193	144	1.60
210	135	1.70
129	113	1.70
98	72	1.60
42	23	1.30
11	0	0.90
0	0	0.50
0	0	0.10
0	0	-0.30
0	0	-0.70
0	0	-1.10
0	0	-1.50
0	0	-1.80
0	0	-2.20
0	0	-2.40
0	0	-2.60
0	0	-2.70
0	0	-2.90
0	28	-2.20
40	97	-0.10
110	154	1.00
239	165	3.20
264	166	4.80
348	258	4.80
340	229	4.60
260	254	4.80
153	58	3.60
131	18	2.50
88	6	1.50
13	0	0.70
0	0	0.60
0	0	0.60
0	0	0.50
0	0	0.40
0	0	0.30
0	0	0.00
0	0	0.30
0	0	0.30
0	0	0.30
0	0	0.30
0	0	0.40
0	0	0.40
0	4	0.60
47	50	1.30
124	110	2.20
218	142	3.00
267	175	3.60
174	217	4.30
185	234	4.90
135	219	5.40
125	170	5.60
94	44	5.10
48	17	4.50
13	0	4.00
0	0	3.50
0	0	3.10
0	0	2.70
0	0	2.30
0	0	1.90
0	0	1.30
0	0	0.70
0	0	0.00
0	0	-0.30
0	0	-0.70
0	0	-0.90
0	0	-1.20
1	30	-0.30
65	105	1.70
198	146	2.20
327	227	3.40
437	281	4.40
504	269	5.10
520	263	5.90
492	210	5.70
403	170	5.70
274	91	5.50
151	46	4.80
29	1	3.80
0	0	2.80
0	0	1.80
0	0	0.90
0	0	-0.10
0	0	-1.00
0	0	-1.90
0	0	-3.00
0	0	-4.10
0	0	-4.70
0	0	-5.30
0	0	-5.80
0	0	-6.00
2	32	-5.40
75	45	-4.20
209	53	-2.70
341	58	-1.30
442	65	-0.10
505	66	0.90
520	64	1.40
485	60	1.60
405	54	1.50
288	47	0.80
152	33	-0.40
32	0	-1.60
0	0	-2.60
0	0	-3.50
0	0	-4.40
0	0	-5.30
0	0	-6.30
0	0	-6.30
0	0	-6.40
0	0	-6.40
0	0	-6.50
0	0	-6.60
0	0	-6.70
0	0	-6.70
3	28	-5.70
82	43	-3.80
218	50	-1.60
351	56	0.50
456	64	2.40
518	70	3.80
533	68	4.80
498	62	5.30
418	57	5.30
300	48	4.50
161	30	3.20
36	1	1.60
0	0	0.80
0	0	-0.10
0	0	-0.90
0	0	-1.80
0	0	-2.60
0	0	-3.10
0	0	-3.60
0	0	-4.20
0	0	-4.40
0	0	-4.70
0	0	-4.90
0	0	-4.90
4	41	-3.80
87	66	-1.80
218	105	0.30
330	115	2.30
414	122	4.20
488	103	5.80
511	80	6.90
475	78	7.50
397	72	7.50
297	60	6.80
168	40	5.50
40	0	3.90
0	0	3.50
0	0	3.00
0	0	2.60
0	0	2.10
0	0	1.70
0	0	1.40
0	0	1.00
0	0	0.70
0	0	0.60
0	0	0.50
0	0	0.40
0	0	0.40
5	13	0.60
97	47	1.20
242	83	1.80
380	174	2.80
487	228	3.90
550	241	4.70
563	253	5.50
525	246	6.40
441	162	7.00
318	84	7.30
175	38	6.90
43	3	6.10
0	0	5.50
0	0	4.90
0	0	4.30
0	0	3.80
0	0	3.20
0	0	2.50
0	0	1.80
0	0	1.10
0	0	0.80
0	0	0.40
0	0	0.20
0	2	0.20
7	40	1.20
102	119	2.80
247	33	2.40
384	70	2.30
490	194	3.00
553	277	4.00
566	320	6.20
529	242	6.60
445	128	6.10
322	76	5.50
179	62	5.00
47	4	4.20
0	0	3.80
0	0	3.40
0	0	3.00
0	0	2.60
0	0	2.20
0	0	1.90
0	0	1.50
0	0	1.20
0	0	1.00
0	0	0.90
0	0	0.70
0	1	0.80
8	41	1.70
106	117	2.90
250	184	4.20
386	164	4.60
491	258	5.50
553	285	6.40
565	276	7.00
528	242	7.30
444	188	7.30
323	68	6.60
180	9	5.80
48	1	5.00
0	0	4.60
0	0	4.30
0	0	3.90
0	0	3.50
0	0	3.00
0	0	2.70
0	0	2.30
0	0	2.00
0	0	1.80
0	0	1.60
0	0	1.50
0	0	1.50
10	16	1.80
111	45	2.20
256	113	3.00
393	171	4.00
499	263	6.00
561	231	8.10
544	280	9.00
436	229	9.10
358	197	9.30
232	119	9.10
104	66	8.60
24	4	7.60
0	0	7.10
0	0	6.60
0	0	6.20
0	0	5.70
0	0	5.20
0	0	4.70
0	0	4.20
0	0	3.70
0	0	3.40
0	0	3.20
0	0	3.00
0	0	3.00
10	42	3.60
81	110	4.60
213	182	5.80
300	227	6.80
360	259	7.60
391	288	8.40
378	268	8.80
278	240	9.10
219	188	9.10
130	127	8.80
65	46	8.10
19	1	7.30
0	0	6.70
0	0	6.40
0	0	5.90
0	0	5.40
0	0	5.00
0	0	4.70
0	0	4.30
0	0	4.00
0	0	3.80
0	0	3.60
0	0	3.50
0	1	3.50
8	44	4.20
76	118	5.30
174	181	6.40
270	239	7.60
391	274	8.40
433	278	9.20
441	268	9.70
391	229	9.90
331	176	9.80
206	107	9.30
110	47	8.60
25	1	7.80
0	0	7.60
0	0	7.30
0	0	7.00
0	0	6.80
0	0	6.50
0	0	6.30
0	0	6.30
0	0	6.20
0	0	6.20
0	0	6.20
0	0	6.20
0	1	6.30
15	42	8.00
115	72	10.20
245	82	12.70
348	89	15.00
364	101	17.00
351	137	18.60
305	148	19.60
257	151	19.00
227	155	19.90
124	109	19.20
92	51	17.90
19	1	16.50
0	0	15.40
0	0	14.30
0	0	13.30
0	0	12.20
0	0	11.20
0	0	9.70
0	0	8.20
0	0	6.60
0	0	5.80
0	0	5.00
0	0	4.40
0	1	4.30
12	55	5.30
92	118	6.70
245	221	8.10
362	232	9.50
490	263	10.70
531	277	11.60
524	293	12.10
513	291	12.20
418	226	12.10
305	142	11.40
199	64	10.30
62	1	9.20
0	0	8.60
0	0	8.00
0	0	7.40
0	0	6.80
0	0	6.20
0	0	6.00
0	0	5.50
0	0	6.00
0	0	6.30
0	0	6.40
0	0	6.30
0	1	6.50
21	25	7.00
136	50	7.50
280	84	8.00
411	114	8.60
517	131	9.10
514	133	9.50
460	118	9.70
395	113	9.80
311	78	9.80
262	52	9.60
178	21	9.30
62	1	9.00
1	0	8.50
0	0	8.20
0	0	7.70
0	0	7.30
0	0	6.90
0	0	5.80
0	0	4.70
0	0	3.60
0	0	3.00
0	0	2.40
0	0	1.90
0	9	2.10
24	74	3.90
144	124	5.20
293	177	6.80
430	260	7.90
535	209	7.90
598	309	8.70
611	317	9.30
573	263	9.60
487	108	8.60
363	135	8.20
216	74	7.60
74	4	6.60
1	0	5.70
0	0	4.80
0	0	3.90
0	0	3.00
0	0	2.00
0	0	1.50
0	0	0.90
0	0	0.20
0	0	-0.10
0	0	-0.40
0	0	-0.60
0	3	-0.60
28	47	1.30
154	94	3.70
307	121	6.10
446	140	8.30
552	131	10.30
613	133	11.90
624	149	12.90
583	126	13.40
496	86	13.40
371	64	12.70
223	78	11.30
78	5	9.60
2	0	8.70
0	0	7.90
0	0	7.00
0	0	6.10
0	0	5.20
0	0	4.50
0	0	3.80
0	0	3.10
0	0	2.70
0	0	2.40
0	0	2.10
0	4	2.20
31	77	4.30
161	69	6.70
315	90	9.20
455	98	11.50
561	114	13.50
622	121	15.00
631	135	16.00
589	107	16.50
501	102	16.50
374	83	15.60
225	75	14.20
81	2	12.40
2	0	11.10
0	0	9.80
0	0	8.60
0	0	7.30
0	0	6.00
0	0	4.90
0	0	3.60
0	0	2.30
0	0	1.60
0	0	0.90
0	0	0.40
0	4	0.40
33	79	2.40
161	63	4.80
312	74	7.10
448	84	9.30
552	109	11.20
612	119	12.50
622	114	13.40
582	91	13.80
497	78	13.70
373	57	12.90
227	81	11.50
83	6	9.60
3	0	9.10
0	0	8.50
0	0	7.90
0	0	7.30
0	0	6.80
0	0	6.70
0	0	6.70
0	0	6.80
0	0	6.80
0	0	6.80
0	0	6.80
0	2	6.90
37	22	7.30
168	66	8.00
320	102	8.60
456	116	9.20
560	153	9.80
620	141	10.10
630	144	10.40
590	147	10.60
504	117	10.70
380	72	10.60
233	34	10.10
88	2	9.60
4	0	9.40
0	0	9.10
0	0	8.70
0	0	8.30
0	0	7.50
0	0	7.50
0	0	7.20
0	0	6.70
0	0	6.50
0	0	6.30
0	0	6.20
0	2	6.20
39	32	6.20
168	69	7.20
316	117	7.80
450	136	8.30
550	157	8.70
607	157	9.00
617	155	9.20
577	123	9.20
493	117	9.30
372	72	9.10
229	28	8.70
87	2	8.30
4	0	7.80
0	0	7.40
0	0	6.90
0	0	6.40
0	0	6.00
0	0	5.60
0	0	5.30
0	0	4.90
0	0	4.70
0	0	4.50
0	0	4.40
0	3	4.40
43	53	5.30
170	108	6.10
320	161	7.00
415	211	7.90
459	235	8.70
417	235	9.20
405	229	9.50
340	193	9.60
156	160	9.60
99	106	9.30
82	49	8.50
26	2	8.00
2	0	7.60
0	0	7.20
0	0	6.80
0	0	6.40
0	0	5.90
0	0	5.60
0	0	5.30
0	0	5.00
0	0	4.80
0	0	4.70
0	0	4.60
0	5	4.70
31	76	6.50
90	164	8.50
146	232	10.10
251	284	11.90
416	325	13.50
544	314	14.20
581	315	15.10
581	263	15.80
490	135	16.40
387	93	16.60
240	88	15.90
96	29	14.50
6	0	13.40
0	0	12.30
0	0	11.20
0	0	10.20
0	0	9.10
0	0	8.10
0	0	6.90
0	0	5.80
0	0	5.20
0	0	4.50
0	0	4.10
0	10	4.30
43	87	6.60
170	78	9.00
301	118	11.30
452	135	13.40
564	169	15.10
633	169	16.50
638	186	17.30
600	147	17.70
509	151	17.50
390	92	16.60
245	86	15.20
98	8	13.40
7	0	12.70
0	0	11.90
0	0	11.20
0	0	10.40
0	0	9.70
0	0	9.40
0	0	9.10
0	0	8.90
0	0	8.70
0	0	8.50
0	0	8.40
0	3	8.50
15	23	8.80
74	39	8.90
152	62	9.30
187	78	9.50
297	89	9.80
399	94	9.80
537	86	9.80
536	86	8.80
396	69	10.10
285	49	10.00
164	23	9.90
74	3	9.40
6	0	9.30
0	0	9.20
0	0	8.80
0	0	8.30
0	0	7.90
0	0	8.40
0	0	8.30
0	0	8.10
0	0	8.10
0	0	8.00
0	0	7.90
0	3	8.10
50	38	8.70
186	75	9.40
252	111	10.00
330	137	10.60
553	157	11.10
571	162	11.50
458	154	11.10
287	135	11.60
212	109	11.90
148	75	11.70
89	38	11.40
45	3	10.90
7	0	10.50
0	0	10.10
0	0	9.50
0	0	9.10
0	0	8.80
0	0	8.40
0	0	7.90
0	0	7.50
0	0	7.30
0	0	7.10
0	0	6.90
1	16	7.50
61	79	8.70
102	170	10.50
238	240	12.20
378	286	15.20
435	181	15.00
417	166	14.70
387	289	15.20
293	226	16.50
253	184	17.10
183	149	17.30
112	69	16.20
59	3	14.90
6	0	13.80
0	0	12.80
0	0	11.70
0	0	10.60
0	0	9.50
0	0	8.40
0	0	7.40
0	0	6.30
0	0	5.70
0	0	5.10
0	0	4.70
0	10	4.80
26	89	6.00
145	175	7.10
157	252	8.10
238	291	9.00
361	316	9.50
488	342	10.00
531	322	10.40
510	292	10.60
448	235	10.40
320	154	10.00
183	79	9.30
76	3	8.50
9	0	7.50
0	0	6.60
0	0	5.70
0	0	4.80
0	0	3.90
0	0	3.30
0	0	2.70
0	0	2.10
0	0	1.80
0	0	1.50
0	0	1.30
2	21	1.90
63	97	4.40
153	60	6.80
257	70	9.20
316	87	11.20
370	105	13.00
378	114	14.30
453	115	15.20
373	94	15.60
294	71	15.60
186	57	14.90
119	93	13.60
60	15	11.80
10	0	10.50
0	0	9.10
0	0	7.70
0	0	6.30
0	0	5.00
0	0	3.70
0	0	2.40
0	0	1.00
0	0	0.20
0	0	-0.60
0	0	-1.10
2	10	-1.00
79	92	0.60
198	142	2.30
361	209	3.80
510	286	5.10
560	319	5.40
429	358	6.00
346	341	6.40
368	288	6.50
308	223	7.10
290	102	7.00
235	97	6.00
101	18	4.70
13	0	4.50
0	0	4.30
0	0	4.10
0	0	3.90
0	0	3.70
0	0	4.20
0	0	4.80
0	0	5.30
0	0	5.60
0	0	5.90
0	0	5.70
3	11	6.40
68	87	8.10
203	175	9.80
303	215	11.10
385	75	10.70
406	118	10.80
403	229	11.40
289	326	12.60
209	246	13.00
94	207	13.20
63	94	12.80
47	89	12.50
19	24	11.80
2	0	11.60
0	0	11.40
0	0	11.20
0	0	11.00
0	0	10.70
0	0	10.20
0	0	9.70
0	0	9.40
0	0	9.10
0	0	8.90
0	0	8.80
3	29	9.60
49	73	11.10
64	150	12.80
284	192	14.70
404	265	16.30
335	305	17.80
377	316	18.80
395	341	19.50
270	300	19.70
149	214	19.80
246	185	19.30
103	91	18.30
56	5	17.00
9	0	16.20
0	0	15.30
0	0	14.50
0	0	13.60
0	0	12.80
0	0	12.20
0	0	11.60
0	0	11.20
0	0	10.90
0	0	10.60
0	0	10.60
2	23	10.90
24	88	11.60
63	153	12.50
206	206	13.30
205	271	14.10
328	303	14.90
297	305	15.50
357	289	15.90
283	255	16.10
232	195	16.00
172	131	15.70
102	69	15.10
54	4	14.20
9	0	13.90
0	0	13.20
0	0	12.50
0	0	11.80
0	0	11.20
0	0	10.70
0	0	10.10
0	0	9.80
0	0	9.60
0	0	9.40
0	0	9.30
5	32	10.10
75	88	11.70
147	164	13.40
271	207	15.30
358	272	17.00
481	263	18.70
444	288	20.00
132	314	20.80
170	159	21.70
191	194	21.90
57	131	21.40
47	93	20.40
110	29	19.00
23	0	18.20
0	0	17.50
0	0	16.80
0	0	16.00
0	0	15.30
0	0	14.80
0	0	14.20
0	0	14.00
0	0	13.70
0	0	13.50
0	0	13.50
2	20	13.70
41	57	14.10
73	105	14.70
260	137	15.20
397	177	15.70
594	201	16.20
591	210	16.50
577	197	16.80
423	165	16.90
426	132	16.90
282	95	16.70
151	50	16.40
70	5	16.00
14	0	15.20
0	0	14.30
0	0	13.30
0	0	12.90
0	0	12.20
0	0	11.50
0	0	10.60
0	0	10.10
0	0	9.60
0	0	9.30
0	0	9.20
9	36	9.90
92	121	11.20
246	204	12.50
381	288	14.00
520	321	15.30
617	376	16.40
642	370	17.30
622	372	17.90
527	316	18.20
389	261	18.00
331	176	17.40
213	88	16.50
126	5	15.40
27	0	14.80
0	0	14.20
0	0	13.60
0	0	13.00
0	0	12.40
0	0	12.20
0	0	12.00
0	0	11.90
0	0	11.80
0	0	11.80
0	1	11.80
6	44	12.80
53	112	15.40
161	183	16.80
263	258	17.80
377	241	18.10
602	323	18.80
655	344	20.20
593	278	21.70
535	304	22.00
443	204	21.50
323	151	20.80
236	99	20.20
114	20	19.20
21	0	18.30
0	0	17.20
0	0	16.20
0	0	15.10
0	0	14.10
0	0	12.90
0	0	11.80
0	0	11.30
0	0	10.80
0	0	10.50
0	0	10.60
13	32	11.80
114	44	13.70
271	49	15.80
419	58	17.90
541	70	19.90
644	78	21.60
662	81	23.00
504	77	24.00
328	68	24.50
291	57	24.70
244	49	24.30
208	45	23.40
101	28	22.10
24	0	20.80
0	0	19.10
0	0	17.40
0	0	15.60
0	0	13.90
0	0	11.90
0	0	9.80
0	0	8.60
0	0	7.40
0	0	6.60
0	0	6.50
15	35	7.60
122	48	9.40
271	54	11.40
427	70	13.50
540	92	15.30
599	104	16.80
641	115	18.00
645	111	18.80
600	96	19.10
584	73	19.10
473	59	18.50
316	47	17.30
150	33	15.80
31	0	14.20
0	0	12.50
0	0	10.90
0	0	9.20
0	0	7.50
0	0	6.70
0	0	5.90
0	0	5.40
0	0	5.00
0	0	4.60
0	1	4.60
14	36	6.00
104	50	8.20
271	63	10.60
408	88	13.00
508	107	15.20
594	118	17.00
673	148	18.40
650	148	19.40
628	136	19.90
538	101	19.90
385	77	19.30
246	57	18.10
119	33	16.50
25	0	14.90
0	0	13.30
0	0	11.80
0	0	10.20
0	0	8.70
0	0	7.40
0	0	6.10
0	0	5.40
0	0	4.70
0	0	4.20
0	1	4.20
17	37	5.60
114	50	7.70
186	55	10.10
311	67	12.40
386	81	14.60
492	89	16.50
482	93	17.90
290	91	18.90
214	76	19.40
199	62	19.50
120	51	18.90
72	46	17.70
79	34	16.00
30	0	14.30
0	0	12.50
0	0	10.80
0	0	9.10
0	0	7.30
0	0	6.10
0	0	4.70
0	0	4.00
0	0	3.20
0	0	2.70
0	1	2.60
11	37	4.10
45	51	6.20
61	58	8.60
66	70	10.90
70	85	13.00
71	96	14.80
96	98	16.20
112	92	17.20
114	83	17.70
164	65	17.70
125	55	17.10
101	47	15.80
42	35	14.10
8	0	12.40
0	0	11.20
0	0	10.10
0	0	8.90
0	0	7.70
0	0	7.20
0	0	6.60
0	0	6.20
0	0	5.90
0	0	5.60
0	3	5.70
17	56	7.10
105	119	9.60
234	201	10.40
367	195	10.60
537	260	11.00
606	113	10.60
660	261	10.90
645	317	11.40
623	237	11.50
620	246	11.90
487	188	11.70
342	88	11.10
180	28	10.30
46	0	9.50
0	0	8.90
0	0	8.50
0	0	8.00
0	0	7.50
0	0	7.40
0	0	7.30
0	0	7.40
0	0	7.40
0	0	7.40
0	2	7.60
26	39	8.30
136	100	9.40
284	105	10.00
401	86	10.20
469	61	10.20
605	156	10.80
721	195	11.40
751	295	12.40
710	328	13.90
626	155	15.30
495	85	16.00
351	62	16.30
187	34	15.80
49	2	15.00
0	0	13.80
0	0	12.60
0	0	11.40
0	0	10.20
0	0	8.60
0	0	7.10
0	0	6.20
0	0	5.40
0	0	4.90
0	2	4.90
30	69	6.00
153	113	7.00
309	128	8.30
462	242	9.40
594	320	9.70
691	352	10.40
745	375	11.00
750	68	10.00
710	61	9.10
621	50	8.30
496	153	8.00
340	89	7.60
181	24	7.00
50	0	6.50
0	0	5.30
0	0	4.20
0	0	3.10
0	0	1.90
0	0	1.10
0	0	0.10
0	0	-0.40
0	0	-1.00
0	0	-1.30
0	3	-1.40
31	56	0.00
162	100	1.80
320	181	3.70
460	240	5.50
586	262	7.30
697	257	8.90
743	285	10.10
527	327	10.80
416	225	11.20
385	199	11.30
303	155	10.70
204	98	9.60
151	40	8.20
40	0	6.80
0	0	5.90
0	0	5.00
0	0	4.10
0	0	3.20
0	0	2.80
0	0	2.50
0	0	2.40
0	0	2.20
0	0	2.10
0	1	2.20
20	11	2.40
125	26	2.70
157	42	3.00
245	56	3.30
367	101	3.80
223	315	5.50
247	356	7.70
257	372	9.20
203	306	10.40
218	252	11.10
314	111	11.80
217	59	11.90
110	31	11.20
25	4	10.30
0	0	9.30
0	0	8.30
0	0	7.30
0	0	6.30
0	0	5.00
0	0	3.70
0	0	2.90
0	0	2.20
0	0	1.60
0	2	1.60
12	62	2.40
25	143	3.50
145	231	4.80
256	291	6.10
364	364	7.30
386	385	8.30
196	380	8.90
102	354	9.30
83	336	9.50
111	274	9.50
117	206	9.10
74	122	8.30
58	44	7.30
22	0	6.30
0	0	5.70
0	0	5.10
0	0	4.50
0	0	3.90
0	0	3.90
0	0	4.00
0	0	3.90
0	0	4.00
0	0	4.00
0	1	4.10
26	42	4.80
92	94	5.60
196	173	6.80
331	234	8.00
329	277	9.00
255	315	10.00
259	318	10.70
346	307	11.30
322	284	11.60
293	223	11.70
294	163	11.40
239	89	10.90
150	31	10.10
45	0	9.40
0	0	8.90
0	0	8.50
0	0	7.90
0	0	7.30
0	0	7.20
0	0	6.70
0	0	6.40
0	0	6.20
0	0	6.00
0	2	6.00
46	44	6.70
178	118	7.70
337	181	8.70
490	242	9.70
621	293	10.70
716	322	11.50
605	335	12.20
479	326	12.70
323	287	13.00
248	241	13.00
228	185	12.80
175	118	12.40
118	44	11.60
37	1	10.90
1	0	10.00
0	0	9.00
0	0	8.30
0	0	7.50
0	0	6.90
0	0	6.10
0	0	5.70
0	0	5.30
0	0	5.00
0	2	5.00
33	31	5.30
125	62	5.70
265	109	6.20
453	153	6.50
616	210	7.20
712	190	7.60
640	183	7.80
557	162	7.80
472	167	7.90
360	142	7.80
263	121	7.60
209	96	7.40
134	39	6.50
35	2	6.40
1	0	6.80
0	0	6.90
0	0	7.00
0	0	7.00
0	0	7.50
0	0	7.90
0	0	7.90
0	0	7.90
0	0	7.50
0	2	8.50
43	18	9.00
131	37	9.40
270	57	9.90
340	75	10.30
431	88	10.50
542	96	11.20
535	97	11.40
481	87	11.60
447	87	11.70
360	75	11.80
246	58	11.80
176	36	11.70
134	14	11.40
56	1	11.20
2	0	10.90
0	0	10.50
0	0	10.10
0	0	9.80
0	0	8.50
0	0	7.00
0	0	6.20
0	0	5.50
0	0	4.90
0	6	5.00
50	72	6.30
180	168	7.90
290	258	9.40
435	318	10.90
596	380	12.20
720	394	13.30
702	405	14.20
682	370	14.70
521	347	14.80
352	296	14.80
295	231	14.30
231	138	13.50
165	57	12.30
54	1	11.10
2	0	9.70
0	0	8.40
0	0	7.10
0	0	5.80
0	0	5.10
0	0	4.30
0	0	3.90
0	0	3.50
0	0	3.20
0	9	3.40
49	75	5.30
175	123	7.20
286	173	9.50
451	225	11.60
553	253	13.60
681	248	15.30
670	258	16.70
448	285	17.50
336	288	17.80
322	222	17.80
229	131	17.40
150	101	16.30
85	50	14.80
33	1	13.10
3	0	11.90
0	0	10.60
0	0	9.40
0	0	8.20
0	0	7.40
0	0	6.60
0	0	6.10
0	0	5.70
0	0	5.40
0	22	6.10
57	79	7.10
179	153	8.40
293	61	8.10
441	126	8.30
582	99	8.20
601	249	8.90
490	367	9.90
391	361	11.00
391	306	12.60
341	275	12.90
293	164	12.50
206	100	11.90
127	8	11.00
58	1	10.30
3	0	9.00
0	0	7.90
0	0	6.70
0	0	5.50
0	0	4.40
0	0	3.30
0	0	2.60
0	0	2.00
0	0	1.50
1	5	1.60
66	65	2.30
206	125	3.10
341	211	4.10
479	269	5.00
605	308	5.80
705	346	6.50
756	319	6.90
766	327	7.20
729	303	7.30
571	258	7.30
445	190	7.10
263	116	6.60
161	48	5.80
58	1	5.10
4	0	4.10
0	0	2.90
0	0	2.10
0	0	1.10
0	0	0.30
0	0	0.00
0	0	-0.30
0	0	-0.70
0	0	-0.90
1	6	-0.80
53	66	0.10
151	138	1.10
323	195	2.10
454	264	3.10
557	309	4.00
645	327	4.70
689	342	5.30
579	337	5.80
521	278	5.90
511	220	5.80
373	171	5.40
243	92	4.80
136	36	4.00
51	1	3.20
5	0	3.00
0	0	2.80
0	0	2.50
0	0	2.40
0	0	2.50
0	0	2.70
0	0	2.70
0	0	2.80
0	0	2.80
2	15	3.30
59	90	5.50
168	64	7.90
252	77	10.30
309	97	12.60
344	117	14.70
441	129	16.50
557	129	17.90
568	118	18.90
604	104	19.40
524	87	19.50
437	72	19.00
316	61	17.90
191	41	16.40
74	4	14.70
4	0	13.80
0	0	12.90
0	0	12.00
0	0	11.10
0	0	10.20
0	0	9.30
0	0	8.70
0	0	8.20
0	0	7.80
2	13	8.10
51	83	9.70
150	123	11.30
119	170	13.00
254	242	14.60
428	259	16.10
703	245	17.60
787	245	18.70
675	230	19.40
526	222	19.70
343	185	19.70
229	147	19.20
128	109	18.30
126	78	17.10
68	4	15.70
6	0	14.70
0	0	13.80
0	0	12.80
0	0	11.80
0	0	11.40
0	0	10.90
0	0	10.60
0	0	10.40
0	0	10.20
3	8	10.30
64	86	11.60
182	178	13.00
345	261	14.20
407	309	15.20
546	367	16.00
705	382	16.80
790	398	17.60
652	368	18.00
521	353	18.20
445	279	18.10
449	227	17.80
235	140	17.20
188	53	16.40
81	2	15.50
6	0	14.60
0	0	13.80
0	0	12.90
0	0	12.10
0	0	11.50
0	0	10.80
0	0	10.50
0	0	10.10
0	0	9.80
3	13	10.10
61	85	11.10
165	162	12.00
295	239	12.90
286	304	13.90
363	346	14.80
427	381	15.40
475	390	16.00
410	382	16.30
336	325	16.40
328	273	16.30
349	213	16.00
288	136	15.50
181	54	14.80
75	2	14.00
4	0	13.50
0	0	13.00
0	0	12.50
0	0	12.00
0	0	11.70
0	0	11.70
0	0	11.70
0	0	11.60
0	0	11.60
2	10	11.80
27	84	12.80
114	118	13.40
113	216	14.30
265	292	15.30
434	257	15.80
578	349	16.50
645	355	17.10
658	372	17.60
722	285	17.70
621	203	17.60
495	79	17.00
370	57	16.40
212	12	15.80
93	2	15.20
9	0	14.90
0	0	14.50
0	0	14.20
0	0	13.90
0	0	13.60
0	0	13.30
0	0	13.10
0	0	12.90
0	0	12.80
6	8	13.00
79	61	13.70
215	117	14.40
350	176	15.10
451	234	15.90
608	274	16.20
583	291	17.00
390	282	17.50
486	271	17.80
418	251	17.90
320	203	17.90
280	138	17.70
207	87	17.30
110	42	16.80
58	2	16.30
6	0	15.20
0	0	14.20
0	0	13.20
0	0	12.10
0	0	10.10
0	0	8.00
0	0	6.90
0	0	6.10
0	0	6.00
6	32	6.50
78	61	7.70
203	105	9.30
323	108	11.10
476	151	12.80
544	167	14.50
631	197	15.90
673	214	17.00
621	213	17.70
541	151	18.10
409	104	18.20
449	74	17.90
313	61	17.10
171	80	15.90
60	8	14.40
8	0	13.10
0	0	11.80
0	0	10.50
0	0	9.20
0	0	8.80
0	0	8.40
0	0	8.10
0	0	8.00
0	0	8.00
3	15	8.20
42	53	8.50
121	100	9.10
296	146	9.70
527	185	10.20
652	217	10.70
734	232	11.20
779	231	11.50
812	224	11.80
765	199	11.90
688	173	11.90
564	136	11.90
414	86	11.60
255	39	11.30
108	2	10.80
13	0	10.00
0	0	9.10
0	0	9.00
0	0	8.30
0	0	7.80
0	0	7.20
0	0	7.10
0	0	7.00
0	0	7.00
9	12	7.10
96	42	7.40
237	86	7.90
394	108	8.20
543	128	8.50
670	162	8.90
762	161	9.20
811	174	9.40
809	187	9.60
767	183	9.70
683	139	9.80
559	120	9.80
409	76	9.60
254	36	9.40
110	2	8.10
14	0	8.50
0	0	7.70
0	0	7.70
0	0	7.20
0	0	7.00
0	0	6.60
0	0	6.50
0	0	6.10
0	0	6.30
10	23	6.60
99	72	7.20
238	127	7.80
384	186	8.60
518	255	9.40
645	298	10.20
740	312	10.90
773	318	11.30
721	282	11.70
610	255	11.80
492	217	11.80
350	161	11.60
234	100	11.20
117	46	10.70
74	2	10.10
14	0	10.00
0	0	9.90
0	0	9.90
0	0	9.80
0	0	9.40
0	0	9.90
0	0	10.20
0	0	10.20
0	0	10.40
1	11	10.60
18	33	10.90
64	56	11.20
131	90	11.70
377	115	12.10
546	131	12.50
686	140	12.90
612	130	13.10
438	128	13.20
533	127	12.30
433	107	13.50
405	85	13.40
263	53	13.00
172	26	13.20
71	2	12.80
15	0	12.40
0	0	11.80
0	0	11.20
0	0	10.80
0	0	9.50
0	0	8.10
0	0	7.40
0	0	6.00
0	0	6.50
6	15	6.80
61	47	7.00
155	84	7.20
351	122	7.50
467	156	7.70
558	179	7.90
691	197	8.00
760	203	8.30
649	190	8.30
554	169	8.30
438	146	8.10
309	112	8.20
269	73	8.00
218	35	7.70
83	3	7.40
10	0	7.00
0	0	6.60
0	0	6.30
0	0	5.90
0	0	6.00
0	0	6.20
0	0	6.30
0	0	6.30
0	0	6.40
13	35	7.00
107	104	8.00
225	188	9.30
349	259	10.50
395	334	12.00
354	386	13.40
433	404	14.50
475	402	15.20
537	390	15.80
467	347	16.10
466	295	16.10
378	204	15.70
191	120	15.00
135	67	14.20
71	3	13.40
6	0	12.20
0	0	11.10
0	0	10.00
0	0	8.90
0	0	7.70
0	0	6.40
0	0	5.70
0	0	5.20
0	0	5.10
8	41	6.00
89	85	7.30
228	183	8.60
360	209	10.30
454	302	11.90
438	286	14.10
447	299	14.00
421	355	14.00
403	360	14.00
283	355	14.40
301	209	14.80
286	99	15.00
185	71	14.90
161	95	14.10
79	19	12.80
15	0	11.60
0	0	10.40
0	0	9.20
0	0	7.90
0	0	7.50
0	0	7.10
0	0	6.80
0	0	6.60
0	0	6.50
15	33	7.50
110	59	9.10
252	87	11.20
407	108	13.30
551	146	15.50
678	173	17.40
772	189	19.10
818	164	20.50
818	146	21.50
777	121	22.20
691	95	22.40
568	69	22.10
425	54	21.20
268	89	19.90
124	19	18.30
22	0	17.30
0	0	16.30
0	0	15.20
0	0	14.20
0	0	13.70
0	0	13.20
0	0	12.90
0	0	12.60
0	0	12.00
17	6	10.70
111	18	11.80
244	32	12.70
378	45	12.90
509	57	13.00
636	66	13.10
723	76	13.20
772	78	13.30
780	70	13.20
753	63	12.90
649	54	13.00
432	42	12.80
258	29	13.10
144	15	12.90
63	3	12.70
13	0	12.60
0	0	12.30
0	0	12.00
0	0	11.90
0	0	11.70
0	0	11.70
0	0	11.60
0	0	11.60
0	0	11.60
4	19	11.90
34	58	12.30
72	103	12.90
200	146	13.50
248	179	14.10
328	208	14.60
395	222	15.10
560	211	15.40
545	194	15.60
373	170	15.70
367	142	15.70
234	103	15.50
197	68	15.30
132	35	15.00
83	3	13.90
15	0	13.60
0	0	13.00
0	0	12.40
0	0	11.70
0	0	11.00
0	0	10.30
0	0	9.90
0	0	9.60
0	0	9.60
16	28	9.90
91	73	10.40
210	142	11.10
338	208	11.90
507	283	12.80
632	300	13.40
739	343	14.10
801	354	14.70
811	336	15.10
714	307	15.30
684	254	15.30
547	198	15.20
415	137	14.80
247	67	14.30
129	4	13.60
24	0	13.20
0	0	12.90
0	0	12.40
0	0	12.10
0	0	12.10
0	0	12.10
0	0	12.10
0	0	12.10
0	0	12.00
20	33	12.50
110	81	13.10
226	171	14.20
323	234	15.30
508	201	15.70
643	246	16.20
714	406	17.40
752	329	18.00
780	292	18.20
746	86	17.60
626	258	17.90
541	229	18.00
409	147	17.60
250	24	17.10
117	22	16.50
22	0	16.60
0	0	16.70
0	0	16.80
0	0	16.90
0	0	17.20
0	0	17.50
0	0	17.60
0	0	17.70
0	0	17.70
20	25	17.70
98	67	18.80
184	116	19.50
300	165	20.30
441	203	21.00
562	236	21.70
622	251	22.30
753	246	22.70
817	235	23.10
782	222	23.30
621	190	23.40
456	152	23.40
250	98	23.10
127	48	22.60
105	4	22.20
9	0	21.20
0	0	20.30
0	0	19.30
0	0	18.40
0	0	16.50
0	0	14.60
0	0	13.50
0	0	12.70
0	1	12.60
19	35	13.50
99	62	15.10
197	89	16.80
385	127	18.60
367	167	20.40
414	220	22.00
381	253	23.30
384	260	24.40
595	244	25.10
626	208	25.50
522	159	25.60
421	121	25.20
358	110	24.30
241	80	23.10
119	18	21.60
26	0	20.20
0	0	18.80
0	0	17.40
0	0	16.00
0	0	15.60
0	0	15.10
0	0	14.90
0	0	14.70
0	1	14.70
20	32	15.10
88	86	15.80
167	142	16.50
212	195	17.30
326	239	18.00
327	282	18.70
277	289	19.20
278	291	19.60
422	274	19.90
443	259	20.10
337	210	20.10
368	162	20.00
286	92	19.60
166	49	18.80
101	4	18.60
24	0	17.50
0	0	16.50
0	0	15.50
0	0	14.40
0	0	13.50
0	0	12.50
0	0	12.00
0	0	11.60
0	1	11.50
21	46	12.40
119	104	13.90
258	163	15.50
382	223	17.20
474	257	19.10
582	289	20.70
704	327	22.10
742	356	23.10
771	327	23.90
721	272	24.50
660	194	24.70
554	167	24.60
390	118	23.90
218	73	22.80
102	31	21.50
23	0	20.20
0	0	18.00
0	0	15.70
0	0	13.50
0	0	11.70
0	0	9.70
0	0	8.70
0	0	8.00
0	1	7.90
6	34	9.00
16	44	10.80
24	48	12.90
330	60	15.00
411	77	17.00
396	94	18.90
539	106	20.50
663	107	21.70
663	102	22.60
375	87	23.10
145	73	23.20
105	57	22.80
221	48	21.80
173	42	20.50
83	25	18.80
29	0	17.20
0	0	15.30
0	0	13.30
0	0	11.30
0	0	10.40
0	0	9.30
0	0	8.70
0	0	8.30
0	2	8.30
23	35	9.50
91	47	11.40
136	52	13.60
325	65	15.90
444	88	18.00
567	108	20.00
645	127	21.60
711	132	22.90
794	127	23.80
694	113	24.40
577	96	24.50
545	77	24.10
353	65	23.20
192	51	21.80
104	34	20.20
26	0	18.60
0	0	16.70
0	0	14.80
0	0	13.00
0	0	11.80
0	0	10.50
0	0	9.80
0	0	9.30
0	2	9.20
6	34	10.50
61	43	12.40
179	49	14.60
183	63	16.80
177	84	18.90
432	106	20.80
424	123	22.40
615	126	23.70
525	121	24.60
355	103	25.10
343	85	25.20
334	64	24.90
245	53	23.90
158	43	22.50
77	30	20.90
10	0	19.30
0	0	17.60
0	0	16.00
0	0	14.40
0	0	13.60
0	0	12.80
0	0	12.30
0	0	11.90
0	1	11.90
6	47	12.80
38	129	14.20
93	163	15.90
76	198	17.90
319	216	20.00
554	258	21.80
684	345	23.10
687	330	24.10
709	346	24.80
680	350	25.00
630	278	25.10
504	219	24.70
269	141	24.00
277	83	22.90
117	31	21.60
38	0	20.20
0	0	18.80
0	0	17.30
0	0	15.80
0	0	14.90
0	0	14.00
0	0	13.60
0	0	13.30
0	2	13.40
25	36	14.70
108	46	16.50
210	50	18.50
344	62	20.60
530	78	22.60
581	95	24.40
572	107	26.00
591	112	27.30
517	107	28.20
501	95	28.80
485	78	29.10
377	63	28.90
216	55	28.20
134	44	27.10
101	31	25.80
30	0	24.50
0	0	22.20
0	0	19.90
0	0	17.60
0	0	15.10
0	0	12.30
0	0	10.90
0	0	9.80
0	3	9.70
21	33	10.90
98	45	12.60
174	54	14.60
187	70	16.70
295	83	18.60
404	89	20.30
454	107	21.90
527	98	23.00
533	106	23.90
621	150	24.20
579	187	24.00
441	167	23.30
352	126	22.10
201	96	20.60
126	31	19.00
37	0	17.50
0	0	15.40
0	0	13.40
0	0	11.30
0	0	10.50
0	0	9.60
0	0	9.10
0	0	8.80
0	2	8.70
29	43	9.80
120	75	11.60
217	99	13.60
278	157	15.60
501	207	17.60
578	238	19.30
599	313	20.70
703	343	21.70
600	295	22.40
587	248	22.80
602	241	22.90
460	208	22.50
360	107	21.70
242	65	20.60
132	30	19.20
24	0	17.80
0	0	15.80
0	0	13.90
0	0	12.00
0	0	10.60
0	0	9.10
0	0	8.30
0	0	7.70
0	3	7.70
26	36	9.10
119	44	11.00
259	48	13.20
300	60	15.50
437	75	17.70
583	90	19.70
679	98	21.40
501	100	22.70
507	96	23.70
443	85	24.20
362	70	24.40
344	56	24.00
314	47	23.10
240	42	21.70
130	28	20.00
45	0	18.20
0	0	16.30
0	0	15.00
0	0	13.70
0	0	12.40
0	0	11.00
0	0	9.70
0	0	9.30
0	2	9.20
28	38	10.40
121	54	12.10
236	61	14.00
366	69	16.00
426	116	17.80
519	252	19.80
647	403	20.20
778	416	20.30
699	398	20.20
718	360	19.90
641	298	19.30
508	214	18.40
341	150	17.50
239	85	16.50
126	30	15.40
38	0	14.40
0	0	13.30
0	0	12.20
0	0	11.10
0	0	10.60
0	0	10.00
0	0	9.70
0	0	9.40
0	6	9.50
33	49	10.50
140	108	12.00
282	115	14.60
356	120	17.10
460	177	19.10
574	294	20.90
610	357	20.80
685	425	21.10
673	356	20.80
573	347	20.50
461	328	20.40
384	262	20.00
336	157	19.50
199	98	18.50
145	49	17.40
36	1	16.20
1	0	14.90
0	0	13.50
0	0	12.10
0	0	11.40
0	0	10.70
0	0	10.20
0	0	9.90
0	1	9.90
37	56	10.70
145	133	12.10
289	221	13.60
442	280	15.00
588	340	16.10
714	387	17.30
768	423	18.50
829	432	19.30
842	413	19.90
806	363	20.00
723	313	20.00
609	243	20.10
437	122	19.80
250	72	19.20
115	41	18.20
40	1	17.10
1	0	15.20
0	0	13.20
0	0	11.30
0	0	9.80
0	0	8.20
0	0	7.20
0	0	6.50
0	3	6.30
18	42	7.20
59	73	8.50
123	99	10.00
307	133	11.50
523	159	13.00
556	196	14.40
582	212	15.50
695	231	16.40
695	209	17.00
680	169	17.30
571	118	17.30
434	80	17.00
339	59	16.20
244	45	15.00
145	35	13.60
51	1	12.10
1	0	10.80
0	0	9.40
0	0	8.00
0	0	8.30
0	0	8.60
0	0	8.70
0	0	8.90
0	6	9.10
40	51	10.20
149	38	10.30
292	88	10.80
454	52	10.80
597	118	11.30
701	350	12.90
797	406	14.60
842	419	16.80
852	414	18.10
798	354	19.20
681	300	20.00
517	156	20.60
298	107	20.70
155	57	20.40
79	33	19.60
30	4	18.60
1	0	17.40
0	0	16.10
0	0	14.90
0	0	13.30
0	0	11.70
0	0	10.80
0	0	10.20
0	1	10.10
5	43	10.60
24	125	11.70
123	197	12.60
182	198	13.10
374	236	13.60
440	345	14.30
643	322	14.80
624	327	15.10
623	380	15.50
386	370	16.20
433	336	16.50
342	284	16.70
289	158	16.60
151	86	16.20
97	50	15.50
23	2	14.60
1	0	13.40
0	0	12.10
0	0	10.90
0	0	10.40
0	0	9.80
0	0	9.50
0	0	9.30
0	2	9.30
30	55	10.10
115	124	11.10
259	158	11.90
406	264	13.10
467	262	13.60
639	73	13.50
665	191	13.60
677	325	14.20
553	408	15.20
362	379	16.00
338	334	16.50
262	255	16.80
289	184	16.70
156	96	16.10
95	29	15.40
37	1	14.60
1	0	13.30
0	0	12.10
0	0	10.80
0	0	9.80
0	0	8.60
0	0	8.00
0	0	7.60
0	3	7.60
19	35	8.00
98	114	8.90
236	158	9.60
339	186	10.20
484	339	11.90
534	286	12.40
711	274	12.70
670	416	13.50
668	415	14.40
636	375	14.70
525	229	14.50
457	217	14.10
307	170	14.40
180	81	14.00
96	56	13.40
40	2	12.60
1	0	11.30
0	0	9.90
0	0	8.60
0	0	7.90
0	0	7.00
0	0	6.50
0	0	6.10
0	3	6.10
29	55	7.20
118	106	8.70
170	168	10.40
343	222	12.10
421	298	13.80
491	319	15.30
470	390	16.40
568	427	17.10
771	406	17.60
674	353	17.90
541	328	17.90
372	233	17.70
259	162	17.00
201	92	15.90
142	39	14.70
38	0	13.40
0	0	12.70
0	0	12.00
0	0	11.30
0	0	11.40
0	0	11.60
0	0	11.60
0	0	11.70
0	1	11.50
38	21	11.10
132	65	12.50
276	115	13.20
445	147	13.70
595	207	14.20
658	234	15.20
733	199	15.50
827	185	15.80
860	220	16.00
814	168	16.10
722	138	16.10
602	103	15.90
467	63	15.60
307	36	15.20
156	12	14.80
45	0	14.40
2	0	14.30
0	0	14.10
0	0	13.80
0	0	13.90
0	0	13.70
0	0	13.70
0	0	13.60
0	1	13.60
34	27	14.00
97	83	14.70
169	150	15.60
215	207	16.50
306	219	17.10
558	249	17.70
613	258	18.10
467	227	18.40
492	165	18.40
473	143	18.30
402	153	18.20
322	157	18.20
290	124	18.00
240	85	17.50
129	22	16.60
23	1	16.80
1	0	16.00
0	0	15.00
0	0	14.30
0	0	13.80
0	0	13.10
0	0	12.80
0	0	12.50
0	3	12.50
26	60	13.40
88	128	14.40
132	196	15.40
265	275	16.70
340	332	17.70
500	386	18.60
611	409	19.50
586	438	20.40
599	420	20.90
656	374	21.30
633	318	21.40
549	252	21.20
456	166	20.60
306	90	19.80
160	30	19.00
51	0	18.10
2	0	16.80
0	0	15.50
0	0	14.20
0	0	13.20
0	0	12.10
0	0	11.50
0	0	11.10
0	4	11.10
37	38	12.70
139	47	14.70
286	53	16.90
266	68	19.20
373	87	21.40
523	106	23.40
624	123	25.10
653	129	26.40
678	124	27.40
731	110	27.90
577	92	28.10
525	73	27.80
359	59	26.90
279	49	25.50
132	34	23.90
38	1	22.20
2	0	19.90
0	0	17.70
0	0	15.50
0	0	14.00
0	0	12.40
0	0	11.50
0	0	10.80
0	3	10.80
41	47	11.90
135	106	13.30
229	178	14.80
290	247	16.40
479	302	17.90
482	304	19.50
371	334	20.80
381	334	21.80
336	324	22.60
320	291	23.00
313	252	23.10
335	161	23.00
264	80	22.50
201	56	21.60
105	36	20.30
57	3	18.90
3	0	17.80
0	0	16.70
0	0	15.60
0	0	15.50
0	0	15.40
0	0	15.30
0	0	15.20
0	2	15.30
37	18	15.50
140	77	16.20
249	145	17.00
384	174	17.70
573	188	18.20
659	217	18.70
769	329	19.60
770	231	19.80
709	167	19.90
698	151	19.80
651	162	19.70
565	123	19.60
422	97	19.30
284	52	18.90
176	18	18.30
62	1	18.10
3	0	16.80
0	0	16.80
0	0	16.20
0	0	15.70
0	0	14.80
0	0	14.90
0	0	14.80
0	1	14.90
33	35	15.30
127	70	15.70
269	198	17.20
356	276	18.30
454	343	19.20
567	382	20.20
654	383	20.70
636	399	21.20
635	382	21.50
697	189	21.20
616	57	20.50
475	46	19.80
358	32	19.20
232	19	18.70
169	7	18.20
63	1	17.70
3	0	17.00
0	0	16.30
0	0	15.60
0	0	14.90
0	0	14.00
0	0	13.50
0	0	13.20
0	11	13.40
41	55	15.00
148	93	16.70
289	129	19.30
400	244	20.80
570	281	20.90
697	336	21.10
794	372	21.30
839	428	21.80
848	418	22.00
768	306	21.90
542	323	21.80
421	258	21.70
291	163	21.40
199	101	20.70
109	42	19.70
40	1	18.60
1	0	17.20
0	0	15.80
0	0	14.40
0	0	14.00
0	0	13.40
0	0	13.10
0	0	12.90
0	1	12.80
40	62	13.90
139	136	15.30
246	181	17.00
427	229	19.00
576	312	20.80
692	333	22.50
782	331	24.10
827	325	25.70
825	322	26.60
726	250	27.20
547	228	27.50
514	136	27.40
331	113	26.80
207	71	25.80
110	48	24.40
54	2	23.00
3	0	21.80
0	0	20.60
0	0	19.40
0	0	18.80
0	0	18.10
0	0	17.70
0	0	17.40
0	4	17.50
36	52	18.60
142	103	20.10
276	157	21.70
417	207	23.50
567	248	25.30
695	264	27.00
776	260	28.70
770	300	30.00
818	316	30.80
570	304	31.20
396	299	31.20
436	231	30.80
381	209	30.00
274	97	29.00
160	49	27.70
57	1	26.50
3	0	25.60
0	0	24.80
0	0	24.00
0	0	23.40
0	0	22.80
0	0	22.50
0	0	22.30
0	2	22.30
21	33	22.70
67	80	23.20
149	104	23.60
133	130	23.90
117	161	24.40
204	192	24.70
284	165	24.90
105	181	25.10
80	199	25.30
150	211	25.40
162	163	25.40
227	127	24.30
306	89	24.90
200	53	24.80
150	19	24.40
38	1	24.00
2	0	23.50
0	0	23.00
0	0	21.90
0	0	20.10
0	0	21.70
0	0	21.50
0	0	21.50
0	1	21.50
33	22	21.80
114	52	22.20
235	91	22.60
368	116	23.00
541	156	23.50
689	165	23.80
795	170	24.00
859	173	24.10
858	188	24.50
716	165	24.10
648	141	23.90
523	112	24.30
463	75	24.30
312	43	24.10
170	21	24.00
61	1	23.70
4	0	22.70
0	0	21.80
0	0	20.80
0	0	19.00
0	0	17.10
0	0	16.10
0	0	15.30
0	4	15.30
41	47	16.40
150	87	17.90
293	141	19.60
444	170	21.40
587	228	23.10
660	282	24.60
800	301	26.00
849	299	27.10
842	286	27.80
814	250	28.30
721	200	28.40
607	168	28.10
475	122	27.30
334	68	26.20
188	38	24.80
67	2	23.30
4	0	22.00
0	0	20.70
0	0	19.30
0	0	19.00
0	0	18.70
0	0	18.50
0	0	18.40
0	1	18.40
41	23	18.70
147	81	19.10
288	145	20.30
440	267	22.00
583	329	23.30
706	256	23.80
795	293	24.30
848	75	23.90
855	202	23.90
817	222	24.00
737	322	24.40
622	237	24.60
484	201	24.70
333	110	24.40
187	59	24.00
67	2	23.30
4	0	21.70
0	0	20.20
0	0	18.60
0	0	17.30
0	0	15.90
0	0	15.10
0	0	14.50
0	3	14.50
41	49	15.60
148	95	17.10
290	158	18.70
437	219	20.40
582	281	22.10
707	283	23.60
797	315	24.90
848	344	25.80
858	320	26.60
825	310	26.90
725	289	27.00
518	226	26.70
208	157	25.90
94	98	24.80
110	51	23.50
41	1	22.10
2	0	21.20
0	0	20.30
0	0	19.40
0	0	19.30
0	0	19.30
0	0	19.30
0	0	19.20
0	1	19.30
15	36	19.70
60	92	20.60
83	143	20.90
279	190	22.00
457	247	23.10
504	282	23.90
522	302	24.50
569	319	25.10
641	313	25.60
491	290	25.90
394	241	26.00
219	201	26.00
215	154	25.70
187	94	25.30
123	38	24.70
44	1	24.10
2	0	22.70
0	0	21.20
0	0	19.80
0	0	18.50
0	0	17.00
0	0	16.20
0	0	15.60
0	2	15.60
35	58	16.40
134	124	17.30
268	201	18.20
388	275	19.20
505	346	20.30
593	391	21.20
720	411	22.00
693	403	22.40
732	414	22.80
588	374	23.00
549	328	23.10
495	253	22.90
389	184	22.40
234	111	21.80
150	38	20.90
60	1	20.10
4	0	18.40
0	0	16.70
0	0	15.10
0	0	14.00
0	0	12.90
0	0	12.30
0	0	11.80
0	3	11.80
37	54	12.90
140	97	14.40
277	142	16.30
391	217	18.10
536	261	19.90
661	362	21.30
753	379	22.50
708	395	23.50
768	395	24.10
649	282	24.70
616	194	25.10
467	126	25.10
362	83	24.60
229	60	23.60
126	36	22.30
58	3	20.90
4	0	19.00
0	0	17.20
0	0	15.40
0	0	14.20
0	0	13.00
0	0	12.40
0	0	11.90
0	1	11.90
20	56	12.70
69	130	13.80
131	221	15.30
101	290	16.60
271	366	17.90
401	406	19.20
593	443	20.20
738	454	21.00
704	439	21.60
608	399	21.90
640	353	22.00
544	277	21.70
402	205	21.20
310	118	20.40
154	43	19.30
58	1	18.30
3	0	16.50
0	0	14.70
0	0	13.00
0	0	11.80
0	0	10.50
0	0	9.80
0	0	9.30
0	3	9.30
31	51	10.40
105	94	12.00
200	129	13.90
414	162	15.80
499	216	17.70
552	232	19.40
495	280	20.80
437	299	22.00
467	273	22.80
442	242	23.30
414	224	23.40
372	200	23.00
408	142	22.20
314	90	21.00
172	42	19.60
57	1	18.20
3	0	16.40
0	0	14.60
0	0	12.90
0	0	11.80
0	0	10.70
0	0	10.00
0	0	9.60
0	3	9.50
16	37	10.90
63	53	12.80
103	57	14.90
355	71	17.20
324	87	19.40
276	105	21.40
356	124	23.10
311	133	24.40
397	130	25.40
459	126	25.90
323	108	26.10
377	91	25.80
340	78	24.90
224	64	23.60
147	37	21.90
50	1	20.30
4	0	18.40
0	0	17.10
0	0	15.80
0	0	14.50
0	0	13.20
0	0	11.90
0	0	11.40
0	3	11.40
34	36	12.60
135	47	14.40
271	50	16.40
226	61	18.50
254	76	20.50
310	92	22.30
356	103	23.90
228	107	25.20
253	104	26.10
329	95	26.60
234	82	26.80
291	69	26.50
266	65	25.60
202	54	24.40
124	36	22.80
32	1	21.20
0	0	20.00
0	0	18.80
0	0	17.50
0	0	17.10
0	0	16.70
0	0	16.40
0	0	16.30
0	1	16.30
36	49	16.90
140	121	17.90
281	207	19.10
431	264	20.30
570	341	21.30
538	382	22.40
683	426	23.40
692	431	24.10
624	405	24.60
568	381	25.00
547	341	25.30
541	277	25.30
453	202	24.90
338	120	24.20
189	46	23.40
66	1	22.50
4	0	21.00
0	0	19.60
0	0	18.10
0	0	16.90
0	0	15.50
0	0	14.80
0	0	14.30
0	3	14.20
35	37	15.40
138	57	17.00
276	66	18.90
424	80	20.90
567	100	22.90
692	123	24.60
774	141	26.10
828	142	27.30
684	134	28.20
493	116	28.80
446	99	28.90
232	77	28.70
196	61	28.00
191	49	26.80
117	35	25.40
51	1	23.80
2	0	21.80
0	0	19.80
0	0	17.70
0	0	16.40
0	0	15.00
0	0	14.30
0	0	13.80
0	2	13.80
29	51	14.30
104	120	15.10
219	190	15.80
390	266	16.60
504	335	17.50
659	369	18.30
725	416	19.10
661	430	19.70
566	401	20.10
638	368	20.10
677	299	20.20
506	214	19.90
400	154	19.40
310	87	18.70
178	31	18.00
62	1	17.30
3	0	16.10
0	0	14.80
0	0	13.50
0	0	12.80
0	0	12.00
0	0	11.50
0	0	11.20
0	1	11.20
28	55	12.10
115	109	13.40
246	167	14.90
378	271	16.30
433	346	17.40
634	400	18.40
697	435	19.30
653	430	20.00
540	407	20.80
606	364	21.30
536	285	21.60
427	222	21.60
349	153	21.20
264	122	20.50
151	49	19.40
61	1	18.30
2	0	16.70
0	0	15.00
0	0	13.30
0	0	12.10
0	0	10.70
0	0	10.00
0	0	9.50
0	2	9.40
27	40	10.30
116	89	11.60
251	155	13.00
376	241	14.40
505	316	15.70
504	356	16.90
465	373	18.10
468	334	19.20
369	383	19.80
298	354	20.10
332	285	20.20
301	212	20.10
263	154	19.50
149	85	18.60
72	48	17.40
43	2	16.20
2	0	15.30
0	0	14.40
0	0	13.40
0	0	13.30
0	0	13.20
0	0	13.10
0	0	13.00
0	1	13.00
10	50	13.80
29	125	14.90
43	208	16.20
30	266	17.30
117	341	18.50
376	389	19.60
417	424	20.50
251	434	21.30
206	422	21.80
218	372	22.10
183	333	22.30
113	256	22.10
199	191	21.70
150	110	21.00
69	44	20.20
19	1	19.30
1	0	18.40
0	0	17.50
0	0	16.70
0	0	16.00
0	0	15.30
0	0	15.00
0	0	14.70
0	1	14.60
29	51	15.40
129	128	16.50
246	210	17.70
212	270	19.00
346	356	20.20
489	385	21.40
606	405	22.50
587	417	23.60
661	416	24.20
501	375	24.60
305	339	24.70
186	265	24.50
169	207	24.10
116	117	23.30
90	46	22.30
50	1	21.30
2	0	20.20
0	0	19.20
0	0	18.10
0	0	17.50
0	0	16.80
0	0	16.40
0	0	16.10
0	2	16.10
17	38	17.20
85	63	18.80
145	86	20.70
149	113	22.60
144	145	24.60
161	197	26.30
265	223	27.80
378	257	29.00
509	241	29.90
586	213	30.40
564	179	30.60
454	145	30.40
344	122	29.70
165	72	28.50
123	38	27.20
41	1	25.80
2	0	23.70
0	0	21.70
0	0	19.60
0	0	18.00
0	0	16.30
0	0	15.30
0	0	14.70
0	1	14.60
15	37	15.50
88	63	17.00
197	92	18.70
193	132	20.40
301	169	22.10
416	231	23.60
412	259	24.90
436	256	26.00
353	264	26.70
403	226	27.20
373	167	27.30
325	106	27.10
244	82	26.50
200	53	25.40
110	37	24.10
47	1	22.70
1	0	20.90
0	0	19.10
0	0	17.30
0	0	16.30
0	0	15.30
0	0	14.70
0	0	14.30
0	1	14.30
24	46	14.80
119	119	15.80
234	206	17.00
375	279	18.20
528	357	19.40
572	398	20.50
580	434	21.40
599	445	22.10
557	433	22.60
450	393	22.90
378	338	23.00
377	262	22.80
241	198	22.30
197	117	21.70
138	46	20.80
46	1	19.80
1	0	19.00
0	0	18.10
0	0	17.20
0	0	16.90
0	0	16.60
0	0	16.50
0	0	16.30
0	1	16.30
25	25	16.60
116	61	17.10
256	95	17.20
401	146	18.00
565	146	18.40
684	173	18.70
711	191	19.10
721	240	19.50
699	232	19.80
610	220	19.90
543	205	19.90
489	164	20.10
403	111	20.00
319	61	19.10
176	26	19.20
56	0	18.90
2	0	16.90
0	0	17.20
0	0	16.90
0	0	16.30
0	0	15.70
0	0	15.40
0	0	15.20
0	1	15.10
18	42	15.70
86	112	16.60
162	184	17.50
366	259	18.60
383	326	19.50
319	362	20.50
358	413	21.50
317	426	22.30
457	411	22.80
384	381	23.20
334	331	23.40
333	245	23.10
257	183	22.70
163	113	22.20
92	41	21.50
44	1	20.70
1	0	19.00
0	0	17.40
0	0	15.90
0	0	14.40
0	0	13.00
0	0	12.30
0	0	11.80
0	0	11.70
15	6	11.30
86	76	12.30
202	173	13.20
421	188	13.80
553	182	14.10
662	184	14.30
798	167	14.40
871	382	15.10
837	360	15.50
807	325	15.90
733	329	16.40
549	248	16.70
382	132	16.90
189	58	16.80
133	30	16.30
46	4	15.70
1	0	14.40
0	0	13.10
0	0	11.80
0	0	10.90
0	0	9.90
0	0	9.30
0	0	8.80
0	1	8.60
21	38	9.10
115	83	10.10
232	120	11.30
337	162	12.50
405	217	13.60
377	232	14.70
288	280	15.60
271	300	16.30
330	285	16.80
302	238	17.00
214	221	17.00
253	170	16.70
179	134	16.00
148	79	15.10
100	34	14.00
21	0	12.80
0	0	11.40
0	0	10.00
0	0	8.50
0	0	8.50
0	0	8.40
0	0	8.30
0	0	8.20
0	0	8.10
10	38	9.00
50	82	10.30
105	142	11.90
109	203	13.60
218	252	15.20
419	288	16.70
573	306	18.00
750	320	19.00
733	310	19.80
714	265	20.30
614	236	20.50
542	198	20.30
432	126	19.70
317	82	18.80
179	34	17.50
49	0	16.30
1	0	15.70
0	0	15.10
0	0	14.40
0	0	14.40
0	0	14.20
0	0	14.10
0	0	13.80
0	0	14.10
21	13	13.30
110	45	14.20
218	69	14.80
309	97	14.70
257	111	13.80
296	123	16.00
466	174	16.40
606	259	17.00
717	229	17.40
788	237	17.80
716	210	18.00
607	162	18.00
469	124	17.90
317	81	17.70
169	31	17.20
40	1	16.90
1	0	17.40
0	0	18.00
0	0	18.30
0	0	18.60
0	0	17.80
0	0	18.70
0	0	18.80
0	0	18.50
19	23	19.30
108	66	19.80
205	91	20.30
358	164	21.10
529	173	21.60
668	212	22.20
753	209	22.60
809	246	23.10
739	282	23.30
580	228	23.80
467	178	23.80
382	187	23.90
362	156	23.90
241	89	23.60
146	37	23.20
45	1	22.80
0	0	22.20
0	0	21.60
0	0	21.00
0	0	20.50
0	0	20.00
0	0	19.60
0	0	19.00
0	1	19.60
18	26	19.80
112	41	20.00
250	180	21.30
401	215	23.10
546	314	23.90
671	376	24.60
765	403	25.40
819	287	25.50
830	145	25.00
794	75	24.40
716	163	24.20
602	189	24.10
464	111	23.80
313	74	23.40
167	17	22.90
49	2	22.50
0	0	21.30
0	0	20.10
0	0	18.90
0	0	16.80
0	0	14.40
0	0	13.10
0	0	12.20
0	0	12.00
16	30	12.70
99	45	13.90
232	48	15.30
390	59	16.80
533	75	18.30
663	225	19.60
753	361	19.50
811	395	19.40
821	407	19.20
784	352	19.00
684	312	18.50
563	259	18.00
435	184	17.40
289	108	16.60
150	38	15.60
45	0	14.70
0	0	14.60
0	0	14.40
0	0	14.30
0	0	15.40
0	0	16.60
0	0	17.10
0	0	17.50
0	0	17.60
15	33	18.70
105	59	20.40
240	92	22.50
309	129	24.70
329	191	26.90
459	273	28.70
664	277	30.30
681	292	31.70
635	282	32.70
488	281	33.30
329	206	33.60
254	139	33.60
278	91	33.00
204	64	32.00
118	40	30.70
36	0	29.30
0	0	27.90
0	0	26.40
0	0	25.00
0	0	23.40
0	0	21.60
0	0	20.60
0	0	19.90
0	0	19.80
11	29	20.50
64	44	21.90
167	47	23.60
246	56	25.40
349	72	27.10
359	227	28.70
332	394	28.90
433	433	29.10
443	421	29.20
515	386	29.20
439	341	28.90
373	281	28.50
247	195	27.80
185	109	26.80
122	34	25.80
40	0	24.70
0	0	23.50
0	0	22.30
0	0	21.00
0	0	20.80
0	0	20.60
0	0	20.40
0	0	19.70
0	0	20.10
11	32	20.80
86	95	21.60
176	110	22.00
167	194	22.80
364	178	23.20
518	254	23.90
547	300	24.50
507	277	24.90
355	223	25.10
363	257	25.30
444	312	25.80
379	258	25.90
423	163	25.80
302	92	25.50
149	6	24.80
31	0	24.20
0	0	23.30
0	0	22.30
0	0	21.20
0	0	20.20
0	0	19.30
0	0	18.80
0	0	18.50
0	0	18.30
13	17	18.60
102	59	18.90
238	117	19.30
387	254	20.40
533	273	20.90
660	370	21.70
751	359	22.20
804	358	22.50
812	343	22.80
774	172	22.60
693	58	22.10
581	46	21.70
447	32	20.40
297	17	20.50
152	10	20.40
40	0	20.10
0	0	19.10
0	0	18.00
0	0	16.90
0	0	15.40
0	0	13.80
0	0	12.90
0	0	12.30
0	0	12.30
11	32	12.70
92	94	13.30
225	183	14.30
380	270	15.50
516	326	16.90
643	364	18.10
733	386	19.20
793	306	20.50
793	283	21.50
699	258	22.20
532	208	22.50
386	176	22.50
225	88	22.20
136	51	21.40
50	31	20.40
33	0	19.30
0	0	17.40
0	0	15.60
0	0	13.70
0	0	12.40
0	0	11.00
0	0	10.30
0	0	9.80
0	0	9.70
8	11	9.80
68	80	10.40
200	107	10.80
311	228	11.70
416	234	12.30
499	272	12.90
539	402	14.10
467	414	15.10
504	382	15.60
423	264	16.70
374	198	17.60
309	259	17.60
197	175	17.30
139	73	16.90
86	33	16.10
31	0	15.30
0	0	14.20
0	0	13.20
0	0	12.20
0	0	11.60
0	0	10.90
0	0	10.50
0	0	10.20
0	0	10.20
8	35	10.90
91	58	12.30
226	75	14.10
376	87	16.10
410	104	18.00
489	136	19.80
373	161	21.40
265	177	22.70
277	175	23.60
285	160	24.20
287	141	24.30
199	104	24.10
199	86	23.40
166	58	22.20
91	34	20.80
32	0	19.40
0	0	18.50
0	0	17.50
0	0	16.60
0	0	16.10
0	0	15.70
0	0	15.40
0	0	15.20
0	0	15.20
9	5	15.20
92	16	15.30
231	66	15.70
345	178	16.60
457	255	17.60
503	304	18.50
604	377	20.10
667	308	20.30
563	393	21.30
560	323	21.60
544	296	21.80
522	241	21.80
430	154	21.90
261	92	21.50
143	31	20.90
33	0	20.20
0	0	19.70
0	0	19.30
0	0	18.80
0	0	18.50
0	0	18.20
0	0	18.00
0	0	17.90
0	0	17.90
6	26	18.50
49	51	20.00
89	88	22.10
272	158	23.90
324	255	25.40
459	327	25.80
522	397	26.40
714	411	27.10
764	379	27.30
700	348	27.40
583	247	26.90
509	243	26.60
390	165	26.00
239	87	25.20
131	28	24.40
22	0	23.60
0	0	21.40
0	0	19.20
0	0	17.10
0	0	14.90
0	0	12.60
0	0	11.40
0	0	10.50
0	0	10.40
2	31	10.80
25	78	11.70
50	124	13.00
117	188	14.40
222	232	15.70
327	252	17.10
425	265	18.20
459	296	19.20
584	254	19.90
613	222	20.30
462	168	20.40
410	126	20.30
361	69	19.70
179	48	18.70
118	32	17.50
16	0	16.30
0	0	15.60
0	0	14.90
0	0	14.20
0	0	14.60
0	0	15.00
0	0	15.30
0	0	15.60
0	0	15.70
6	35	16.30
80	77	17.40
209	182	18.60
327	225	20.00
493	216	22.40
595	97	24.40
730	229	26.20
717	416	26.80
662	329	26.60
551	100	25.50
523	61	24.50
418	47	23.60
242	32	22.80
116	17	22.10
52	5	21.40
14	0	20.60
0	0	19.80
0	0	18.80
0	0	17.80
0	0	16.80
0	0	15.80
0	0	14.80
0	0	14.10
0	0	13.60
2	19	13.90
39	88	15.00
121	180	16.10
158	255	17.10
182	300	17.80
350	321	19.30
533	391	20.20
540	399	21.00
516	380	21.20
604	271	21.90
391	303	21.80
329	206	21.20
213	32	20.10
160	55	19.10
78	4	18.20
15	0	16.90
0	0	15.50
0	0	14.10
0	0	12.80
0	0	11.90
0	0	10.80
0	0	10.20
0	0	9.60
0	0	9.20
4	22	9.60
66	92	11.50
171	54	13.60
208	65	15.70
452	85	17.60
488	104	19.40
602	125	20.80
702	132	22.00
762	140	22.70
749	130	23.10
693	110	23.10
571	82	22.70
430	68	21.70
277	93	20.30
130	18	18.60
22	0	17.20
0	0	15.70
0	0	14.30
0	0	12.80
0	0	12.20
0	0	11.40
0	0	11.00
0	0	10.60
0	0	10.30
3	11	10.50
65	86	11.80
196	177	13.00
324	263	14.30
447	326	15.50
587	358	16.70
702	394	17.50
752	415	18.10
776	407	18.60
731	358	18.90
637	308	18.90
525	242	18.50
390	152	17.80
206	72	16.90
97	4	15.90
20	0	14.90
0	0	13.90
0	0	12.90
0	0	11.90
0	0	11.20
0	0	10.60
0	0	10.20
0	0	9.80
0	0	9.50
3	4	9.60
71	68	10.30
192	151	11.40
348	220	12.10
492	293	13.40
617	285	13.90
700	370	14.70
755	404	15.80
777	393	16.50
749	353	16.80
654	296	16.90
507	242	16.70
357	157	16.20
194	75	15.50
88	6	14.60
12	0	14.00
0	0	13.30
0	0	12.60
0	0	12.00
0	0	11.60
0	0	11.20
0	0	11.00
0	0	10.80
0	0	10.70
2	11	10.90
58	83	12.30
174	177	13.80
226	267	15.40
328	328	16.90
337	355	18.10
268	394	19.10
192	402	19.80
320	393	20.30
430	388	20.70
397	325	20.80
349	262	20.60
220	169	20.00
115	78	19.00
56	3	17.90
4	0	16.70
0	0	15.50
0	0	14.30
0	0	13.10
0	0	12.10
0	0	11.00
0	0	10.40
0	0	9.80
0	0	9.40
2	11	9.60
69	84	11.00
203	119	12.80
309	140	14.70
474	167	16.60
563	219	18.20
640	302	19.40
591	310	20.40
482	342	20.90
475	316	21.10
470	227	21.20
362	167	20.80
299	118	20.00
211	80	18.80
95	11	17.40
18	0	16.10
0	0	14.70
0	0	13.40
0	0	12.00
0	0	11.20
0	0	10.20
0	0	9.60
0	0	9.00
0	0	8.50
2	15	8.60
65	89	10.00
182	62	11.60
294	76	13.30
421	77	14.90
538	95	16.30
546	109	17.50
510	115	18.40
372	106	19.00
321	94	19.30
334	78	19.20
405	63	18.70
271	55	17.70
210	87	16.40
87	15	14.90
14	0	14.10
0	0	13.40
0	0	12.70
0	0	11.90
0	0	12.50
0	0	13.10
0	0	13.40
0	0	13.70
0	0	13.80
1	3	13.90
56	26	14.50
193	53	15.00
307	84	15.70
455	110	16.40
567	131	16.90
671	139	17.40
609	136	17.60
414	134	17.60
374	116	18.00
372	101	17.90
343	75	17.60
294	45	17.70
157	22	15.70
78	3	16.40
12	0	16.30
0	0	16.60
0	0	16.20
0	0	15.80
0	0	14.40
0	0	12.80
0	0	11.90
0	0	11.10
0	0	10.40
0	16	10.60
29	87	12.20
86	92	13.70
214	115	15.40
280	153	17.50
382	190	19.10
578	355	19.50
679	382	19.40
703	382	19.30
443	360	19.10
368	290	18.60
295	235	18.20
194	146	17.20
136	71	16.10
65	6	15.00
12	0	14.10
0	0	13.20
0	0	12.30
0	0	11.50
0	0	11.50
0	0	11.40
0	0	11.40
0	0	11.40
0	0	11.40
1	14	11.80
50	87	13.50
167	69	15.60
340	99	18.20
493	96	20.60
612	227	22.70
685	329	22.30
759	360	22.00
718	377	22.20
637	348	22.10
617	274	21.60
456	180	20.70
335	77	19.60
225	34	18.60
103	2	17.50
11	0	17.00
0	0	16.50
0	0	16.00
0	0	15.50
0	0	15.10
0	0	14.60
0	0	14.30
0	0	14.00
0	0	13.80
0	2	13.80
57	73	14.90
185	159	16.20
336	251	17.60
485	304	19.00
613	363	20.20
705	381	21.10
720	390	21.70
730	383	22.30
698	369	22.60
633	296	22.60
528	243	22.30
387	160	21.80
239	71	20.90
99	6	19.90
9	0	19.40
0	0	18.80
0	0	18.30
0	0	17.70
0	0	17.50
0	0	17.20
0	0	17.10
0	0	17.10
0	0	17.00
0	4	17.10
54	52	17.80
181	113	18.50
333	164	19.30
480	230	20.10
597	263	20.90
705	301	21.60
644	280	22.00
335	293	22.40
332	238	22.50
154	205	22.50
163	169	22.40
166	117	22.10
123	55	21.60
57	2	21.00
7	0	19.90
0	0	18.80
0	0	17.30
0	0	17.20
0	0	16.50
0	0	15.60
0	0	15.10
0	0	14.60
0	0	14.20
0	6	14.30
47	71	15.10
166	150	16.10
285	237	17.20
313	294	18.20
281	337	19.00
239	374	19.60
164	375	20.20
418	370	20.60
394	356	20.80
454	293	20.90
376	224	20.60
258	148	19.90
101	64	19.30
32	2	18.50
6	0	17.90
0	0	17.30
0	0	16.70
0	0	16.20
0	0	16.10
0	0	16.00
0	0	16.00
0	0	16.00
0	0	16.00
0	2	16.10
40	22	16.40
143	28	16.60
267	46	16.80
438	281	18.70
575	357	20.50
666	366	21.80
683	380	23.30
713	374	24.10
680	338	25.00
575	258	25.60
439	207	25.30
312	145	25.00
161	69	24.30
64	23	23.40
4	0	22.50
0	0	21.50
0	0	20.60
0	0	19.60
0	0	18.50
0	0	17.20
0	0	16.50
0	0	15.80
0	0	15.30
0	4	14.90
44	26	15.50
163	128	16.40
266	224	17.40
404	200	17.90
501	310	18.70
666	362	19.50
643	374	20.10
658	363	20.40
525	208	20.30
418	274	20.40
353	225	20.40
232	114	20.30
173	82	19.90
60	15	19.10
5	0	18.00
0	0	17.00
0	0	15.90
0	0	14.80
0	0	14.30
0	0	13.70
0	0	13.40
0	0	13.10
0	0	12.90
0	7	13.00
40	68	14.10
157	147	15.30
299	170	17.30
443	264	18.80
580	225	21.10
673	278	22.50
675	289	23.50
711	367	23.50
591	343	23.30
557	282	23.20
456	181	22.30
298	80	21.20
179	10	20.00
54	1	18.90
4	0	18.40
0	0	18.00
0	0	17.50
0	0	17.00
0	0	16.80
0	0	16.60
0	0	16.40
0	0	16.30
0	0	16.20
0	2	16.20
39	67	17.40
156	155	18.70
216	246	20.20
329	309	21.70
463	372	23.10
401	390	24.20
517	403	25.10
506	389	25.60
506	366	25.90
350	301	26.00
323	230	25.60
208	139	24.90
151	61	23.90
46	1	22.80
2	0	22.40
0	0	22.00
0	0	21.60
0	0	21.20
0	0	21.00
0	0	20.80
0	0	20.70
0	0	20.60
0	0	20.50
0	5	20.60
38	65	21.60
151	136	22.60
238	221	23.80
326	286	25.00
378	349	26.30
544	366	27.20
623	382	28.00
637	363	28.60
568	346	28.90
562	280	29.00
398	212	28.70
235	125	28.00
124	50	27.20
38	1	26.30
1	0	25.50
0	0	24.70
0	0	23.90
0	0	23.10
0	0	22.30
0	0	21.60
0	0	21.20
0	0	20.80
0	0	20.60
0	4	20.70
12	72	22.00
46	92	23.50
24	128	25.20
80	169	26.80
169	198	28.30
218	242	29.50
274	278	30.40
180	240	31.10
124	199	31.60
174	162	31.70
163	125	31.50
112	92	30.80
45	54	29.90
9	2	28.80
1	0	27.70
0	0	26.70
0	0	25.60
0	0	24.50
0	0	23.30
0	0	22.00
0	0	21.30
0	0	20.60
0	0	20.20
0	2	20.10
3	62	21.00
16	135	21.70
15	170	21.90
146	135	22.30
131	178	22.50
113	300	23.20
119	382	24.40
253	349	24.90
199	330	25.20
189	278	25.30
223	180	25.00
137	115	25.10
68	38	24.60
31	7	23.90
1	0	22.60
0	0	21.30
0	0	20.00
0	0	18.70
0	0	17.90
0	0	17.10
0	0	16.70
0	0	16.20
0	0	16.00
0	12	16.20
26	43	17.50
99	94	19.20
123	201	20.40
221	213	22.40
368	326	23.40
468	260	22.90
547	68	21.70
556	65	20.80
528	202	20.50
401	272	20.80
270	204	20.80
203	116	20.80
156	58	20.30
52	10	19.70
1	0	18.40
0	0	17.20
0	0	15.90
0	0	14.70
0	0	13.50
0	0	12.10
0	0	11.40
0	0	10.70
0	0	10.20
0	3	10.20
22	42	11.50
93	61	13.30
232	70	15.30
321	75	17.20
327	90	18.90
298	94	20.50
324	96	21.60
280	95	22.50
315	82	22.90
322	64	22.90
225	57	22.50
125	56	21.50
75	41	20.10
17	2	18.60
0	0	17.40
0	0	16.20
0	0	15.00
0	0	13.80
0	0	13.20
0	0	12.60
0	0	12.20
0	0	11.80
0	0	11.50
0	4	11.50
12	41	13.00
62	52	14.90
259	52	16.90
282	64	18.80
336	220	20.80
417	343	21.20
431	361	21.70
460	358	21.80
446	347	21.70
416	280	21.30
355	214	20.60
223	125	19.60
140	52	18.50
41	1	17.40
0	0	16.90
0	0	16.50
0	0	16.00
0	0	15.60
0	0	15.50
0	0	15.60
0	0	15.60
0	0	15.60
0	0	15.60
0	1	15.60
22	40	16.20
102	102	16.90
238	165	17.20
321	204	18.70
321	251	19.40
461	286	20.20
553	295	20.70
505	310	21.20
422	276	21.50
370	230	21.60
290	173	21.50
188	116	21.20
83	47	20.60
37	1	19.80
0	0	19.80
0	0	19.40
0	0	19.50
0	0	19.40
0	0	19.20
0	0	19.20
0	0	19.20
0	0	18.70
0	0	19.30
0	4	19.40
20	55	20.00
99	136	20.90
121	217	21.80
210	267	23.20
286	322	23.90
375	352	24.60
485	266	24.80
474	65	24.10
423	58	23.40
272	48	22.80
269	35	21.50
194	21	22.10
124	8	21.90
45	0	21.60
0	0	21.20
0	0	20.80
0	0	20.50
0	0	20.10
0	0	18.60
0	0	17.10
0	0	16.30
0	0	15.50
0	0	14.90
0	2	14.80
19	46	15.80
97	82	17.30
221	129	18.90
333	156	20.40
410	181	21.90
315	183	23.20
326	184	24.20
403	175	24.90
426	162	25.30
346	111	25.30
222	89	24.80
106	66	23.90
41	48	22.70
13	1	21.40
0	0	20.30
0	0	19.10
0	0	17.90
0	0	16.80
0	0	16.30
0	0	15.70
0	0	15.40
0	0	15.10
0	0	14.90
0	2	14.90
5	37	16.40
29	50	18.30
23	55	20.50
99	64	22.60
118	74	24.60
97	84	26.30
209	86	27.70
217	80	28.60
266	70	29.20
255	58	29.30
178	48	28.90
102	46	27.80
48	32	26.40
10	0	24.90
0	0	23.50
0	0	22.10
0	0	20.80
0	0	19.40
0	0	18.30
0	0	17.10
0	0	16.40
0	0	15.80
0	0	15.30
0	1	15.20
12	38	16.40
76	63	18.00
125	76	19.80
192	97	21.60
281	121	23.20
427	137	24.60
446	142	25.70
556	133	26.50
601	113	26.90
554	91	26.90
452	72	26.40
312	53	25.50
163	36	24.20
39	0	22.80
0	0	21.40
0	0	20.00
0	0	18.60
0	0	17.10
0	0	16.20
0	0	15.10
0	0	14.60
0	0	14.00
0	0	13.60
0	1	13.60
17	39	14.60
110	68	16.30
179	89	18.00
184	99	19.90
210	123	21.50
218	144	23.00
210	165	24.00
270	163	24.70
248	148	25.10
242	114	25.10
210	94	24.60
114	66	23.60
64	34	22.30
21	0	21.00
0	0	20.10
0	0	19.20
0	0	18.30
0	0	17.30
0	0	16.90
0	0	16.40
0	0	16.10
0	0	15.80
0	0	15.60
0	1	15.60
11	49	16.30
80	132	17.50
99	221	19.00
148	273	20.30
231	296	21.90
372	329	23.20
478	346	24.10
470	364	24.60
461	279	25.10
384	247	25.20
299	111	25.30
185	42	24.80
88	29	23.80
22	0	22.60
0	0	22.10
0	0	21.60
0	0	21.10
0	0	20.60
0	0	20.40
0	0	20.20
0	0	20.10
0	0	20.00
0	0	20.00
0	1	20.00
7	44	20.80
62	122	22.00
245	191	22.90
317	212	24.70
430	306	26.10
556	311	26.50
639	177	26.20
586	296	26.40
474	296	26.60
414	116	25.90
258	84	25.30
195	18	24.80
114	24	24.20
22	0	23.60
0	0	22.70
0	0	21.10
0	0	20.60
0	0	19.60
0	0	18.50
0	0	17.40
0	0	16.30
0	0	15.50
0	0	15.00
0	0	14.90
12	10	15.00
89	55	15.50
255	106	16.10
377	141	16.70
518	235	17.60
512	300	18.50
595	350	19.50
558	349	20.50
400	291	21.40
270	224	21.90
193	165	22.00
175	83	21.70
103	38	21.00
19	0	20.10
0	0	18.90
0	0	17.60
0	0	16.40
0	0	15.20
0	0	14.30
0	0	13.40
0	0	12.90
0	0	12.40
0	0	12.10
0	0	12.00
11	42	13.10
95	98	14.90
243	165	17.00
354	224	19.00
510	274	20.90
571	311	22.50
586	321	23.80
585	298	24.70
478	256	25.10
470	207	25.20
314	142	24.70
216	87	23.70
102	33	22.20
17	0	20.80
0	0	19.50
0	0	18.30
0	0	17.00
0	0	15.70
0	0	14.80
0	0	13.80
0	0	13.20
0	0	12.70
0	0	12.30
0	0	12.20
5	40	13.30
66	89	15.10
198	151	17.20
332	201	19.30
453	228	21.30
567	256	22.90
638	258	24.30
565	249	25.20
397	224	25.60
277	180	25.60
142	130	25.10
92	93	23.90
41	22	22.20
12	0	21.40
0	0	20.60
0	0	19.80
0	0	18.90
0	0	18.10
0	0	17.80
0	0	17.40
0	0	17.30
0	0	17.10
0	0	17.00
0	0	17.00
6	35	17.60
65	102	18.60
214	163	19.70
349	225	20.80
457	270	21.90
553	339	23.10
631	332	23.90
630	322	24.50
584	232	24.60
496	211	24.60
383	176	24.40
255	87	23.80
117	4	22.90
17	0	22.20
0	0	21.40
0	0	20.60
0	0	20.00
0	0	19.20
0	0	18.60
0	0	18.00
0	0	17.60
0	0	17.30
0	0	17.10
0	1	17.10
6	51	18.30
67	85	18.90
211	75	19.10
328	70	18.80
457	120	19.40
567	185	20.10
588	113	20.20
640	341	21.90
594	285	22.60
381	235	22.90
286	160	23.20
200	107	23.30
98	27	22.60
15	0	21.80
0	0	20.90
0	0	20.00
0	0	19.10
0	0	18.30
0	0	17.50
0	0	16.70
0	0	16.40
0	0	16.00
0	0	15.70
0	0	15.80
6	7	15.80
80	20	15.90
220	38	15.80
349	47	16.50
439	59	16.70
433	64	16.90
426	63	17.10
310	329	18.70
270	316	19.80
250	268	20.50
160	184	20.80
145	85	20.70
75	16	20.20
11	0	19.10
0	0	18.00
0	0	16.90
0	0	15.80
0	0	14.70
0	0	13.40
0	0	11.90
0	0	11.10
0	0	10.40
0	0	9.80
0	0	9.70
6	35	10.60
72	109	12.00
168	153	13.90
266	282	15.50
370	281	17.00
411	288	18.60
311	305	19.70
339	245	20.60
298	163	21.30
258	93	21.50
215	62	21.20
149	87	20.20
78	25	18.70
8	0	17.60
0	0	16.40
0	0	15.30
0	0	14.10
0	0	13.00
0	0	12.40
0	0	11.70
0	0	11.40
0	0	11.00
0	0	10.70
0	0	10.70
5	41	11.90
69	87	13.70
106	137	16.10
141	262	17.50
169	297	19.20
224	348	20.20
197	358	21.20
172	324	21.60
124	279	22.00
69	240	21.90
58	129	21.80
19	108	21.10
11	35	19.80
3	0	18.60
0	0	17.40
0	0	16.20
0	0	14.90
0	0	13.70
0	0	12.90
0	0	12.00
0	0	11.60
0	0	11.20
0	0	10.90
0	0	10.80
5	16	11.10
83	94	12.10
178	79	12.50
303	93	12.80
426	71	12.80
531	282	14.10
565	347	15.80
552	328	17.00
327	233	18.10
308	197	18.80
255	124	19.20
223	95	19.00
91	40	18.10
7	0	17.30
0	0	16.40
0	0	15.50
0	0	14.70
0	0	13.80
0	0	13.10
0	0	12.30
0	0	11.90
0	0	11.50
0	0	11.30
0	0	11.30
4	33	11.80
69	70	12.40
194	123	13.00
324	197	14.00
431	211	14.70
440	271	15.50
480	297	16.00
574	306	16.80
351	286	17.30
250	234	17.50
166	156	17.40
144	61	16.90
58	3	16.10
4	0	14.90
0	0	13.60
0	0	12.30
0	0	11.00
0	0	9.80
0	0	8.50
0	0	7.10
0	0	6.30
0	0	5.60
0	0	5.10
0	0	5.00
2	31	5.60
33	86	7.00
73	152	8.60
130	220	10.20
219	273	11.70
327	303	13.00
458	313	13.90
442	301	14.50
429	282	14.70
343	250	14.60
240	164	13.90
128	75	12.80
54	3	11.60
4	0	10.50
0	0	9.40
0	0	8.30
0	0	7.20
0	0	6.10
0	0	5.50
0	0	4.90
0	0	4.60
0	0	4.20
0	0	4.00
0	0	4.00
2	29	4.80
68	78	6.40
191	133	8.50
323	212	10.30
420	270	12.00
486	287	13.50
549	270	14.90
521	187	16.00
355	148	16.60
240	148	16.70
224	105	16.20
149	83	15.00
50	2	13.50
3	0	12.50
0	0	11.40
0	0	10.40
0	0	9.40
0	0	8.30
0	0	7.60
0	0	6.80
0	0	6.10
0	0	5.60
0	0	5.20
0	0	4.90
2	22	5.50
38	93	7.50
50	139	9.60
121	190	11.60
93	234	13.50
107	196	15.30
264	241	16.50
380	266	17.10
348	238	17.20
253	134	17.20
193	91	16.40
163	83	15.20
65	5	13.50
3	0	12.90
0	0	12.20
0	0	11.60
0	0	10.90
0	0	10.30
0	0	10.00
0	0	9.70
0	0	9.40
0	0	9.20
0	0	9.10
0	0	9.00
1	22	9.70
47	93	12.10
133	101	14.60
226	150	16.90
355	163	19.00
445	179	20.80
397	183	22.20
410	186	23.00
325	140	23.40
268	143	23.10
144	102	22.30
71	77	20.90
27	3	19.20
1	0	18.20
0	0	17.10
0	0	16.10
0	0	15.10
0	0	14.10
0	0	13.10
0	0	12.10
0	0	11.00
0	0	10.40
0	0	9.80
0	0	9.40
1	24	10.10
39	91	12.20
162	115	14.20
268	197	16.00
265	272	17.30
385	278	18.60
366	301	19.40
362	221	20.20
344	212	20.40
280	154	20.30
256	88	19.70
129	78	18.50
49	10	17.00
1	0	16.10
0	0	15.30
0	0	14.40
0	0	13.50
0	0	12.60
0	0	12.20
0	0	11.80
0	0	11.40
0	0	11.20
0	0	11.00
0	0	10.80
1	14	11.40
50	47	11.90
176	99	12.70
275	183	13.80
353	282	15.60
399	258	16.40
506	196	16.50
407	203	16.70
426	225	17.00
332	200	17.60
263	121	18.10
180	78	17.70
56	11	16.90
1	0	15.70
0	0	14.40
0	0	13.20
0	0	12.00
0	0	10.80
0	0	9.50
0	0	8.00
0	0	6.40
0	0	5.50
0	0	4.60
0	0	4.00
0	28	4.40
20	108	6.40
90	116	8.00
122	116	10.00
259	121	11.40
365	164	12.80
418	205	13.40
498	161	14.10
429	86	14.30
395	71	14.00
283	60	13.10
168	39	11.60
56	16	9.90
0	0	9.20
0	0	8.40
0	0	7.70
0	0	6.90
0	0	6.20
0	0	6.70
0	0	7.20
0	0	7.80
0	0	8.10
0	0	8.40
0	0	8.70
0	16	9.30
19	88	11.30
130	179	13.20
226	256	15.10
416	287	16.80
490	321	18.20
461	341	19.20
427	310	19.90
418	267	20.30
370	214	20.10
243	140	19.30
116	60	18.30
49	1	17.10
0	0	16.40
0	0	15.60
0	0	14.90
0	0	14.20
0	0	13.50
0	0	12.40
0	0	11.20
0	0	10.00
0	0	9.40
0	0	8.80
0	0	8.30
0	19	8.80
37	89	10.60
97	165	11.90
101	234	12.80
165	260	13.50
242	312	14.60
440	304	15.80
440	190	17.10
449	108	17.90
321	67	18.10
177	78	18.00
106	46	17.00
35	6	15.60
0	0	14.80
0	0	14.00
0	0	13.20
0	0	12.40
0	0	11.60
0	0	11.20
0	0	10.90
0	0	10.50
0	0	10.30
0	0	10.10
0	0	10.00
0	4	10.10
49	35	10.60
171	32	10.70
257	91	11.20
344	196	12.20
351	302	13.70
463	321	15.00
528	308	15.80
520	270	16.20
385	204	16.40
259	113	16.00
132	47	15.30
38	1	14.40
0	0	14.20
0	0	13.90
0	0	13.60
0	0	13.30
0	0	12.90
0	0	12.60
0	0	12.20
0	0	11.90
0	0	11.70
0	0	11.50
0	0	11.30
0	8	11.50
45	84	13.30
131	152	14.40
257	146	14.70
351	72	14.40
400	97	14.30
456	245	14.90
465	252	15.40
393	228	15.70
330	116	15.50
212	113	14.90
132	41	14.80
41	1	14.30
0	0	13.70
0	0	13.40
0	0	13.00
0	0	12.60
0	0	12.20
0	0	11.90
0	0	11.70
0	0	11.40
0	0	11.20
0	0	11.10
0	0	11.00
0	9	11.20
44	65	12.00
160	115	12.70
309	149	13.10
440	166	13.70
460	156	14.00
493	157	14.20
528	123	14.20
376	112	14.10
299	84	13.90
216	40	13.60
112	10	13.20
41	1	12.10
0	0	12.50
0	0	12.20
0	0	12.00
0	0	11.70
0	0	11.20
0	0	11.30
0	0	11.00
0	0	10.80
0	0	10.70
0	0	10.60
0	0	10.50
0	19	11.10
45	80	12.30
156	117	12.90
296	218	14.10
389	219	14.80
436	141	14.80
503	243	15.20
466	286	16.00
423	246	16.20
364	187	16.40
243	51	15.60
118	9	14.80
26	0	14.10
0	0	14.20
0	0	14.30
0	0	14.40
0	0	14.20
0	0	14.50
0	0	14.70
0	0	14.80
0	0	14.80
0	0	15.00
0	0	15.10
0	0	15.20
0	3	15.30
19	39	15.90
29	78	16.60
44	112	17.30
177	137	17.60
242	151	18.30
253	156	18.60
309	144	18.20
267	125	19.10
254	96	19.10
212	59	18.90
105	22	18.60
20	0	18.20
0	0	17.70
0	0	17.20
0	0	16.80
0	0	16.30
0	0	15.90
0	0	14.90
0	0	14.00
0	0	13.00
0	0	12.50
0	0	12.00
0	0	11.70
0	28	12.30
20	99	14.00
132	121	14.20
144	215	15.10
200	187	16.70
204	246	17.80
316	303	18.20
347	278	18.40
401	47	17.20
360	39	16.30
228	102	15.80
107	41	15.10
22	0	14.40
0	0	14.00
0	0	13.50
0	0	13.10
0	0	12.70
0	0	12.20
0	0	11.90
0	0	11.50
0	0	11.10
0	0	11.00
0	0	10.30
0	0	10.90
0	3	9.50
30	53	11.60
132	85	12.20
245	90	12.60
343	130	13.00
458	147	13.30
504	136	13.50
392	131	13.70
348	147	13.80
281	95	13.80
195	65	13.60
108	22	13.20
23	0	12.90
0	0	11.90
0	0	11.80
0	0	11.10
0	0	10.40
0	0	10.00
0	0	9.80
0	0	9.30
0	0	8.70
0	0	8.50
0	0	8.20
0	0	8.10
0	3	8.10
11	37	8.70
63	87	9.40
62	183	10.50
91	166	11.10
162	275	12.10
244	284	12.90
325	273	13.50
230	244	13.80
104	182	14.00
117	108	13.90
97	51	13.40
18	1	12.60
0	0	11.70
0	0	10.90
0	0	10.00
0	0	9.10
0	0	8.20
0	0	7.40
0	0	6.40
0	0	5.40
0	0	4.80
0	0	4.20
0	0	3.80
0	7	3.80
27	85	5.50
128	47	7.40
224	50	9.30
262	59	10.90
300	65	12.20
346	67	13.10
258	63	13.60
135	55	13.70
93	48	13.40
74	43	12.40
44	29	11.00
12	0	9.60
0	0	8.90
0	0	8.10
0	0	7.40
0	0	6.70
0	0	6.00
0	0	6.00
0	0	6.00
0	0	6.00
0	0	6.00
0	0	6.00
0	0	6.00
0	8	6.30
28	82	8.50
84	110	10.80
217	185	12.60
287	180	14.50
412	168	16.20
432	175	17.40
332	239	17.90
269	224	18.00
150	128	17.80
106	63	17.00
65	31	15.70
9	0	14.30
0	0	13.70
0	0	13.10
0	0	12.50
0	0	11.80
0	0	11.20
0	0	10.50
0	0	9.90
0	0	9.20
0	0	8.90
0	0	8.50
0	0	8.30
0	2	8.30
27	63	9.30
137	137	10.50
276	225	12.20
371	283	13.60
479	281	14.50
533	282	15.00
503	274	15.60
413	236	15.80
247	159	15.50
199	96	15.10
90	47	14.40
14	0	13.50
0	0	12.20
0	0	11.00
0	0	9.70
0	0	8.50
0	0	7.20
0	0	5.90
0	0	4.60
0	0	3.30
0	0	2.50
0	0	1.80
0	0	1.30
0	5	1.30
16	79	3.60
62	74	6.20
122	83	8.70
166	113	11.00
121	156	12.70
87	148	14.00
57	167	14.60
35	147	14.70
76	117	14.20
58	89	12.90
58	31	11.00
9	0	9.80
0	0	8.60
0	0	7.40
0	0	6.20
0	0	5.00
0	0	3.90
0	0	3.30
0	0	2.70
0	0	2.10
0	0	1.70
0	0	1.40
0	0	1.10
0	9	1.50
18	83	4.50
88	129	6.30
182	166	9.30
269	182	9.40
288	49	8.20
370	155	8.10
301	245	9.70
253	156	10.70
292	125	11.00
210	88	10.30
96	21	8.90
11	0	8.30
0	0	7.70
0	0	7.10
0	0	6.40
0	0	5.80
0	0	5.20
0	0	4.90
0	0	4.60
0	0	4.30
0	0	4.10
0	0	4.00
0	0	3.90
0	1	4.00
16	15	4.40
67	34	4.80
141	111	6.00
225	246	9.10
254	213	10.10
252	220	10.80
130	265	11.90
182	213	12.90
227	98	13.70
150	103	13.90
69	47	12.90
7	0	12.20
0	0	11.40
0	0	10.70
0	0	10.00
0	0	9.20
0	0	8.50
0	0	7.70
0	0	6.80
0	0	5.90
0	0	5.40
0	0	5.00
0	0	4.60
0	1	4.60
11	62	6.50
68	110	8.80
135	219	10.90
178	277	12.60
236	245	14.30
262	257	15.40
235	294	16.10
235	199	16.30
156	136	16.00
120	86	14.90
73	4	13.30
8	0	12.50
0	0	11.80
0	0	11.10
0	0	10.40
0	0	9.60
0	0	8.90
0	0	8.50
0	0	8.10
0	0	7.70
0	0	7.50
0	0	7.30
0	0	7.20
0	2	7.30
14	46	8.30
84	23	8.30
195	187	10.50
333	173	11.50
373	255	12.90
354	278	14.30
306	278	15.40
290	204	16.20
289	140	15.90
208	84	15.40
98	21	14.40
8	0	13.50
0	0	12.70
0	0	11.80
0	0	11.00
0	0	10.10
0	0	9.20
0	0	8.20
0	0	7.20
0	0	6.10
0	0	5.60
0	0	5.00
0	0	4.70
0	3	4.70
3	41	7.00
74	63	9.80
248	85	12.50
372	92	15.10
457	98	17.20
497	120	18.70
446	126	19.50
418	91	19.80
325	68	19.40
213	91	18.00
94	17	16.00
7	0	14.80
0	0	13.70
0	0	12.50
0	0	11.40
0	0	10.20
0	0	9.10
0	0	8.20
0	0	7.10
0	0	6.10
0	0	5.60
0	0	5.00
0	0	4.60
0	2	4.60
14	39	7.10
115	52	10.20
248	60	13.30
367	68	16.10
454	73	18.40
496	71	20.10
494	59	21.10
440	51	21.50
345	47	21.00
221	97	19.50
90	17	17.10
5	0	16.10
0	0	15.00
0	0	14.00
0	0	13.00
0	0	12.00
0	0	10.90
0	0	10.40
0	0	9.90
0	0	9.30
0	0	9.00
0	0	8.80
0	0	8.60
0	1	8.60
11	42	9.40
81	102	10.50
188	157	11.60
310	199	12.60
353	216	13.40
214	229	14.10
112	201	14.40
116	164	14.50
176	115	14.20
131	60	13.60
60	3	12.80
4	0	12.30
0	0	11.80
0	0	11.40
0	0	10.80
0	0	10.40
0	0	9.90
0	0	9.60
0	0	9.20
0	0	8.80
0	0	8.60
0	0	8.40
0	0	8.20
0	1	8.20
11	54	9.50
105	133	11.30
232	199	13.10
348	251	14.60
430	280	15.90
477	291	17.10
443	266	17.60
365	218	17.80
280	146	17.30
191	70	16.30
80	3	15.00
3	0	14.80
0	0	14.70
0	0	14.60
0	0	14.50
0	0	14.40
0	0	14.20
0	0	13.80
0	0	14.10
0	0	14.10
0	0	14.30
0	0	14.40
0	0	14.50
0	1	14.50
10	18	14.90
105	39	15.40
226	65	16.00
306	83	16.50
320	92	17.00
376	92	17.30
376	73	17.30
406	64	17.40
320	43	16.30
199	21	17.00
73	3	16.60
2	0	16.50
0	0	16.20
0	0	15.90
0	0	15.70
0	0	15.40
0	0	15.10
0	0	14.70
0	0	14.40
0	0	14.10
0	0	13.90
0	0	13.80
0	0	13.70
0	3	13.80
8	49	15.00
93	93	17.20
221	184	18.60
342	251	20.00
419	253	21.00
462	111	20.30
373	118	19.80
298	72	19.10
199	114	18.90
124	70	18.60
43	12	17.90
1	0	17.40
0	0	16.90
0	0	16.40
0	0	15.90
0	0	15.40
0	0	14.90
0	0	14.30
0	0	13.60
0	0	12.90
0	0	12.60
0	0	12.20
0	0	12.00
0	0	12.00
5	34	12.70
77	109	13.90
171	158	15.00
261	180	15.90
337	198	16.50
378	250	17.40
418	240	18.00
394	199	18.30
282	125	18.10
177	58	17.40
63	2	16.60
1	0	16.00
0	0	15.40
0	0	14.80
0	0	14.20
0	0	13.60
0	0	13.00
0	0	12.50
0	0	12.00
0	0	11.50
0	0	11.20
0	0	10.90
0	0	10.70
0	0	10.70
3	47	11.70
73	110	13.00
161	167	14.30
288	223	15.60
402	242	16.50
420	256	17.40
330	248	18.10
205	205	18.40
152	136	18.20
103	64	17.40
37	2	16.30
0	0	16.00
0	0	15.60
0	0	15.20
0	0	14.90
0	0	14.50
0	0	14.10
0	0	13.70
0	0	13.30
0	0	13.30
0	0	12.80
0	0	12.40
0	0	13.10
0	0	12.90
4	13	13.30
79	34	12.00
162	50	13.70
260	69	14.50
381	80	14.80
403	88	15.10
363	82	15.20
232	67	15.20
162	44	15.20
99	19	15.00
25	2	14.80
0	0	14.20
0	0	14.00
0	0	13.80
0	0	13.40
0	0	13.10
0	0	12.80
0	0	12.10
0	0	11.40
0	0	10.70
0	0	10.40
0	0	10.10
0	0	9.80
0	0	9.90
0	38	10.70
22	59	11.30
53	137	12.50
95	130	13.10
177	202	14.10
199	247	15.50
171	155	17.40
189	138	18.80
129	100	19.00
80	54	18.30
29	2	17.10
0	0	16.30
0	0	15.40
0	0	14.50
0	0	13.70
0	0	12.80
0	0	11.90
0	0	11.00
0	0	9.90
0	0	8.90
0	0	8.30
0	0	7.70
0	0	7.30
0	0	7.20
2	42	8.00
48	108	9.20
135	182	10.70
171	235	12.10
242	260	13.20
249	255	13.80
356	241	14.20
338	196	14.30
261	132	13.90
153	55	13.00
43	1	12.00
0	0	11.60
0	0	11.30
0	0	10.90
0	0	10.60
0	0	10.20
0	0	9.90
0	0	9.80
0	0	10.00
0	0	9.90
0	0	10.10
0	0	9.30
0	0	10.10
0	0	10.20
2	19	10.70
64	50	11.30
165	102	12.30
265	125	13.10
342	126	13.70
414	148	14.20
377	108	14.40
308	114	14.60
227	71	14.50
129	28	14.10
35	1	13.60
0	0	13.30
0	0	13.00
0	0	12.70
0	0	12.40
0	0	11.80
0	0	11.60
0	0	11.40
0	0	11.00
0	0	10.50
0	0	10.30
0	0	10.10
0	0	10.00
0	0	10.00
0	16	10.30
7	41	10.70
27	101	11.60
32	116	12.20
35	128	12.70
33	171	13.40
72	139	13.70
82	107	13.70
95	94	13.70
98	54	13.60
33	4	13.10
0	0	12.50
0	0	12.00
0	0	11.40
0	0	10.90
0	0	10.10
0	0	9.20
0	0	9.20
0	0	8.70
0	0	8.10
0	0	7.80
0	0	7.50
0	0	7.30
0	0	7.30
0	31	7.80
33	88	8.70
101	141	9.70
158	155	10.40
198	97	10.50
191	234	11.60
189	138	11.70
224	160	11.80
146	112	11.80
112	29	11.10
26	1	10.40
0	0	10.30
0	0	10.10
0	0	10.00
0	0	9.80
0	0	9.60
0	0	9.20
0	0	9.60
0	0	9.70
0	0	9.80
0	0	9.90
0	0	10.00
0	0	10.10
0	0	10.20
1	27	10.90
64	27	11.20
183	99	12.30
296	36	12.30
368	187	13.70
415	228	15.10
409	196	16.70
350	148	17.60
252	115	17.80
149	46	17.30
35	3	16.50
0	0	16.00
0	0	15.50
0	0	15.00
0	0	14.50
0	0	14.10
0	0	13.60
0	0	12.80
0	0	12.00
0	0	11.20
0	0	10.80
0	0	10.30
0	0	10.10
0	0	10.10
0	39	11.00
27	68	11.50
63	115	12.30
111	39	12.10
123	200	13.10
183	213	13.90
187	200	15.00
141	130	16.00
91	109	15.90
51	49	15.30
13	1	14.50
0	0	13.80
0	0	13.10
0	0	12.30
0	0	11.60
0	0	10.90
0	0	10.10
0	0	9.40
0	0	8.80
0	0	8.20
0	0	7.80
0	0	7.50
0	0	7.30
0	0	7.40
0	37	8.30
25	63	9.70
70	109	11.40
72	172	12.70
143	154	14.20
206	218	14.40
273	41	13.20
278	27	12.20
227	17	11.40
130	7	10.70
26	0	10.10
0	0	9.80
0	0	9.50
0	0	9.20
0	0	8.90
0	0	8.60
0	0	8.30
0	0	7.80
0	0	7.30
0	0	6.80
0	0	6.50
0	0	6.00
0	0	6.10
0	0	6.20
0	4	6.30
44	15	6.40
134	35	6.70
232	59	7.10
313	73	7.40
353	88	7.80
335	191	9.40
289	132	10.30
181	86	10.60
96	39	10.40
18	1	9.70
0	0	9.50
0	0	9.30
0	0	9.10
0	0	8.90
0	0	8.70
0	0	8.50
0	0	8.30
0	0	8.20
0	0	8.00
0	0	8.00
0	0	7.90
0	0	7.90
0	0	7.80
0	6	8.10
45	50	8.80
119	90	9.60
192	131	10.30
272	134	10.80
334	148	11.20
264	117	11.30
260	72	11.10
175	43	10.80
92	13	10.40
15	0	10.00
0	0	9.60
0	0	9.20
0	0	8.90
0	0	8.40
0	0	7.90
0	0	7.20
0	0	7.00
0	0	6.20
0	0	5.30
0	0	4.90
0	0	4.50
0	0	4.20
0	0	3.80
0	18	4.30
27	85	5.40
78	158	6.60
114	199	7.40
169	211	7.80
228	219	8.10
270	197	8.30
222	118	7.90
160	68	7.40
78	6	6.60
16	0	6.00
0	0	5.40
0	0	4.80
0	0	4.20
0	0	3.70
0	0	3.10
0	0	2.50
0	0	2.10
0	0	1.70
0	0	1.20
0	0	1.00
0	0	0.70
0	0	0.50
0	0	0.30
0	10	0.60
43	93	2.50
148	117	3.00
248	178	4.80
320	147	6.50
367	213	7.10
356	144	7.80
303	70	8.10
219	45	7.80
112	29	6.80
17	0	5.60
0	0	5.10
0	0	4.60
0	0	4.10
0	0	3.50
0	0	3.00
0	0	2.50
0	0	2.30
0	0	2.20
0	0	2.10
0	0	2.10
0	0	2.00
0	0	2.10
0	0	2.10
0	3	2.30
36	82	3.80
128	116	5.60
220	140	7.40
299	91	9.10
326	183	10.30
317	72	9.10
247	26	7.90
158	16	7.00
88	6	6.20
14	0	5.50
0	0	5.30
0	0	5.20
0	0	5.00
0	0	4.80
0	0	4.60
0	0	4.50
0	0	3.80
0	0	3.10
0	0	2.40
0	0	1.90
0	0	1.50
0	0	1.20
0	0	0.90
0	15	1.30
29	77	2.20
118	136	3.30
228	65	3.00
316	127	3.20
351	176	3.30
309	189	3.80
247	141	3.80
189	61	3.40
83	40	2.90
13	0	2.40
0	0	2.40
0	0	2.40
0	0	2.40
0	0	2.40
0	0	2.40
0	0	2.30
0	0	2.70
0	0	3.10
0	0	3.50
0	0	3.70
0	0	3.90
0	0	4.10
0	0	4.30
0	3	4.60
24	14	4.90
81	75	6.10
135	81	6.80
177	199	8.70
211	196	9.80
154	181	10.50
176	147	11.30
99	78	11.50
39	33	10.80
5	0	10.00
0	0	9.70
0	0	9.40
0	0	9.00
0	0	8.70
0	0	8.40
0	0	8.10
0	0	7.30
0	0	6.60
0	0	5.80
0	0	5.40
0	0	5.10
0	0	4.80
0	0	4.50
0	13	4.90
15	70	7.10
100	75	9.20
187	73	11.10
262	73	12.70
340	88	13.70
338	69	14.20
289	60	14.30
201	49	13.50
94	31	12.20
11	0	10.80
0	0	10.10
0	0	9.30
0	0	8.50
0	0	7.70
0	0	7.00
0	0	6.20
0	0	5.50
0	0	4.90
0	0	4.20
0	0	3.80
0	0	3.50
0	0	3.30
0	0	3.00
0	13	3.50
28	85	5.60
120	80	7.50
183	151	9.00
232	118	10.70
237	110	11.70
219	136	12.00
179	103	11.90
111	62	11.20
56	28	10.00
5	0	8.70
0	0	7.90
0	0	7.10
0	0	6.30
0	0	5.50
0	0	4.70
0	0	3.90
0	0	3.10
0	0	2.30
0	0	1.40
0	0	1.00
0	0	0.50
0	0	0.20
0	0	-0.20
0	2	-0.20
18	25	0.10
86	97	0.90
95	94	1.30
119	83	1.40
177	152	1.80
95	113	1.90
118	88	1.80
81	58	1.60
45	10	1.10
7	0	0.90
0	0	0.70
0	0	0.40
0	0	0.00
0	0	0.00
0	0	-0.20
0	0	-0.40
0	0	-0.30
0	0	-0.20
0	0	0.00
0	0	0.30
0	0	0.40
0	0	0.50
0	0	0.60
0	2	0.70
22	12	1.10
105	22	0.80
203	30	1.60
276	37	2.20
296	35	2.40
305	32	2.50
237	24	2.60
151	14	2.50
70	4	2.30
6	0	2.20
0	0	2.10
0	0	2.00
0	0	1.90
0	0	1.80
0	0	1.60
0	0	1.50
0	0	1.30
0	0	1.10
0	0	0.80
0	0	0.70
0	0	0.50
0	0	0.50
0	0	0.40
0	2	0.50
23	32	1.20
109	67	1.90
216	106	2.80
299	123	3.50
309	132	4.00
257	121	4.30
197	87	4.30
141	53	4.00
62	8	3.40
5	0	3.10
0	0	2.80
0	0	2.40
0	0	2.10
0	0	1.80
0	0	1.30
0	0	1.20
0	0	0.90
0	0	0.60
0	0	0.30
0	0	0.20
0	0	0.10
0	0	0.00
0	0	0.00
0	2	0.10
5	13	0.40
38	37	0.90
76	60	1.50
110	138	2.60
82	177	3.80
46	139	5.60
55	121	6.30
30	78	6.20
18	4	5.20
1	0	4.80
0	0	4.30
0	0	3.80
0	0	3.40
0	0	2.90
0	0	2.40
0	0	2.00
0	0	1.40
0	0	0.70
0	0	0.10
0	0	-0.20
0	0	-0.50
0	0	-0.80
0	0	-1.00
0	7	-0.70
19	77	2.10
104	60	4.80
207	63	7.40
243	62	9.70
278	54	11.20
255	55	11.90
220	50	11.90
158	88	10.80
71	19	8.90
4	0	8.20
0	0	7.50
0	0	6.80
0	0	6.10
0	0	5.40
0	0	4.70
0	0	4.00
0	0	3.40
0	0	2.80
0	0	2.20
0	0	1.80
0	0	1.50
0	0	1.30
0	0	1.10
0	2	1.10
16	62	2.70
95	126	4.60
192	178	6.30
270	167	7.90
322	207	8.70
313	185	9.10
266	139	9.10
177	77	8.50
72	16	7.30
4	0	6.60
0	0	5.90
0	0	5.30
0	0	4.60
0	0	3.90
0	0	3.20
0	0	2.60
0	0	2.00
0	0	1.40
0	0	0.80
0	0	0.50
0	0	0.10
0	0	-0.10
0	0	-0.30
0	5	-0.10
14	73	2.40
85	74	4.90
197	84	7.30
274	72	9.40
303	67	10.80
286	65	11.50
217	52	11.60
80	88	10.70
19	23	8.80
0	0	8.30
0	0	7.80
0	0	7.30
0	0	6.80
0	0	6.30
0	0	5.80
0	0	5.20
0	0	4.90
0	0	4.50
0	0	4.10
0	0	3.90
0	0	3.70
0	0	3.60
0	0	3.40
0	4	3.60
13	58	5.70
96	86	8.10
196	101	10.30
265	118	12.20
284	150	13.20
278	135	13.60
243	97	13.50
165	70	12.50
60	3	10.80
2	0	10.60
0	0	10.40
0	0	10.10
0	0	9.90
0	0	9.70
0	0	9.50
0	0	9.20
0	0	9.10
0	0	9.00
0	0	8.90
0	0	8.80
0	0	8.80
0	0	8.70
0	0	8.70
0	1	8.70
2	18	9.10
35	35	9.50
83	52	9.90
128	59	10.20
149	62	10.40
199	59	10.60
168	45	10.60
125	25	10.40
32	3	10.10
1	0	9.90
0	0	9.80
0	0	9.60
0	0	9.10
0	0	9.40
0	0	9.30
0	0	9.20
0	0	9.00
0	0	8.80
0	0	8.80
0	0	8.80
0	0	8.70
0	0	8.70
0	0	8.70
0	1	8.80
9	38	9.70
70	81	10.80
161	119	11.80
208	140	12.60
180	148	13.30
135	132	13.60
111	98	13.60
77	52	13.20
33	4	12.50
0	0	12.20
0	0	11.80
0	0	11.40
0	0	11.00
0	0	10.70
0	0	10.30
0	0	9.90
0	0	9.40
0	0	9.00
0	0	8.60
0	0	8.40
0	0	8.20
0	0	8.10
0	0	8.00
0	1	8.10
7	52	9.40
48	101	10.70
101	129	11.70
159	168	13.50
230	152	15.10
239	102	16.40
170	48	17.00
104	79	16.60
44	11	15.30
1	0	14.40
0	0	13.50
0	0	12.60
0	0	11.70
0	0	10.80
0	0	9.90
0	0	9.00
0	0	7.90
0	0	6.80
0	0	5.60
0	0	5.00
0	0	4.40
0	0	4.00
0	0	3.60
0	3	3.60
7	38	5.70
67	47	8.00
149	50	10.20
202	49	12.00
236	49	13.20
241	48	13.80
219	45	13.80
143	79	12.80
53	10	11.10
1	0	10.10
0	0	9.20
0	0	8.30
0	0	7.40
0	0	6.40
0	0	5.50
0	0	4.60
0	0	3.90
0	0	3.20
0	0	2.50
0	0	2.10
0	0	1.80
0	0	1.50
0	0	1.30
0	2	1.30
3	36	3.60
35	46	6.20
78	47	8.70
113	49	10.70
155	49	12.10
173	49	12.80
149	44	12.80
105	80	11.80
38	9	9.90
0	0	9.30
0	0	8.70
0	0	8.10
0	0	7.40
0	0	6.80
0	0	6.20
0	0	5.60
0	0	5.10
0	0	4.70
0	0	4.20
0	0	4.00
0	0	3.70
0	0	3.60
0	0	3.40
0	1	3.40
4	47	4.50
53	101	5.80
112	152	7.30
183	183	8.60
213	187	9.50
241	166	10.10
202	126	10.10
131	62	9.50
48	5	8.40
0	0	7.90
0	0	7.30
0	0	6.80
0	0	6.20
0	0	5.70
0	0	5.10
0	0	4.50
0	0	4.00
0	0	3.40
0	0	2.80
0	0	2.50
0	0	2.10
0	0	1.90
0	0	1.60
0	3	1.70
5	18	2.00
63	87	3.00
148	84	3.50
229	51	3.50
270	61	3.50
260	159	4.90
217	106	5.30
138	86	5.40
45	14	4.80
0	0	4.60
0	0	4.50
0	0	4.40
0	0	4.30
0	0	4.10
0	0	4.00
0	0	3.90
0	0	4.00
0	0	4.20
0	0	4.30
0	0	4.40
0	0	4.50
0	0	4.60
0	0	4.70
0	1	4.70
1	11	5.10
13	30	5.60
25	47	6.10
40	56	6.00
35	54	6.70
51	47	6.90
23	30	6.90
19	15	6.70
4	2	6.40
0	0	6.40
0	0	6.40
0	0	6.40
0	0	6.30
0	0	6.30
0	0	6.10
0	0	6.20
0	0	5.90
0	0	6.00
0	0	5.70
0	0	5.70
0	0	5.70
0	0	5.50
0	0	5.60
0	0	5.60
1	8	5.70
24	19	5.90
59	31	6.10
81	35	6.30
108	36	6.40
98	34	6.40
58	24	6.40
48	12	6.30
18	2	6.20
0	0	6.10
0	0	5.30
0	0	5.70
0	0	5.40
0	0	5.40
0	0	5.30
0	0	5.10
0	0	4.60
0	0	4.00
0	0	3.30
0	0	2.90
0	0	2.50
0	0	2.20
0	0	2.00
0	0	1.90
1	39	2.50
26	80	3.20
76	113	3.80
87	127	4.20
120	142	4.60
174	144	4.80
168	106	4.80
129	44	4.30
42	1	3.60
0	0	4.00
0	0	4.40
0	0	4.70
0	0	5.10
0	0	5.50
0	0	5.90
0	0	6.20
0	0	6.30
0	0	7.00
0	0	7.50
0	0	7.70
0	0	8.00
0	0	8.20
0	0	8.40
0	0	8.50
2	13	9.00
61	36	9.80
149	54	10.50
225	67	11.20
238	77	11.70
212	74	12.20
151	55	12.30
86	27	12.10
25	2	11.60
0	0	11.60
0	0	11.50
0	0	11.40
0	0	11.30
0	0	11.20
0	0	11.20
0	0	11.00
0	0	10.70
0	0	10.30
0	0	9.90
0	0	9.70
0	0	9.50
0	0	9.10
0	0	8.60
0	0	7.90
1	5	9.00
37	15	9.00
59	23	9.00
109	26	8.90
192	27	8.90
211	23	8.90
175	16	8.80
101	8	8.80
25	1	8.80
0	0	8.50
0	0	8.10
0	0	8.20
0	0	8.10
0	0	8.00
0	0	7.50
0	0	7.40
0	0	7.20
0	0	6.60
0	0	6.10
0	0	5.80
0	0	5.60
0	0	5.40
0	0	5.20
0	0	5.10
1	35	5.80
44	90	6.90
112	125	7.70
133	154	8.50
130	138	8.80
156	139	9.20
120	81	8.90
65	42	8.40
21	1	7.70
0	0	7.50
0	0	7.30
0	0	7.10
0	0	6.90
0	0	6.70
0	0	6.40
0	0	6.20
0	0	6.20
0	0	6.10
0	0	6.00
0	0	6.00
0	0	6.00
0	0	6.00
0	0	6.00
0	0	6.00
0	17	6.40
23	43	7.00
58	76	7.70
103	89	8.30
96	94	8.70
118	77	8.90
91	58	8.90
64	36	8.70
21	2	8.20
0	0	7.80
0	0	8.00
0	0	7.80
0	0	7.70
0	0	7.60
0	0	7.40
0	0	7.30
0	0	7.10
0	0	6.90
0	0	6.80
0	0	6.70
0	0	6.60
0	0	6.60
0	0	6.60
0	0	6.60
0	17	7.00
40	45	7.60
121	61	8.10
169	86	8.60
194	94	9.00
219	103	9.40
183	67	9.50
103	39	9.30
27	3	8.90
0	0	8.50
0	0	8.10
0	0	7.80
0	0	7.20
0	0	7.10
0	0	6.80
0	0	6.40
0	0	5.70
0	0	4.90
0	0	4.20
0	0	3.80
0	0	3.40
0	0	3.10
0	0	2.80
0	0	2.70
0	13	2.70
38	38	2.80
106	58	2.90
167	69	3.00
194	67	3.00
187	53	2.90
153	43	2.80
93	21	2.70
22	1	2.50
0	0	2.30
0	0	2.10
0	0	1.90
0	0	1.70
0	0	1.50
0	0	0.90
0	0	1.10
0	0	1.20
0	0	1.50
0	0	1.70
0	0	1.90
0	0	2.00
0	0	2.20
0	0	2.30
0	0	2.40
0	22	3.10
19	14	3.30
46	71	4.20
102	90	5.10
120	129	7.40
141	100	9.50
120	43	10.30
63	31	10.30
15	9	9.20
0	0	8.80
0	0	8.40
0	0	8.00
0	0	7.60
0	0	7.20
0	0	6.80
0	0	6.40
0	0	5.60
0	0	4.70
0	0	3.80
0	0	3.40
0	0	2.90
0	0	2.60
0	0	2.20
0	0	2.20
0	30	2.80
9	84	3.80
41	131	5.00
49	124	6.10
63	133	6.80
79	141	7.10
66	102	7.00
46	50	6.30
9	1	5.40
0	0	5.00
0	0	4.50
0	0	4.10
0	0	3.60
0	0	3.20
0	0	2.70
0	0	2.30
0	0	2.10
0	0	1.90
0	0	1.80
0	0	1.70
0	0	1.60
0	0	1.60
0	0	1.50
0	0	1.60
0	25	2.20
36	72	3.20
120	110	4.10
185	134	5.00
218	128	5.40
211	118	5.70
161	85	5.80
96	38	5.40
23	1	4.80
0	0	4.30
0	0	3.80
0	0	3.40
0	0	2.90
0	0	2.50
0	0	2.00
0	0	1.50
0	0	0.80
0	0	-0.10
0	0	-0.90
0	0	-1.40
0	0	-1.90
0	0	-2.20
0	0	-2.60
0	0	-2.70
0	26	-1.70
30	40	-0.20
75	45	1.50
96	48	2.90
84	47	3.90
109	46	4.30
82	42	4.20
33	34	3.40
11	2	2.10
0	0	1.50
0	0	0.90
0	0	0.20
0	0	-0.40
0	0	-1.00
0	0	-1.60
0	0	-2.20
0	0	-2.50
0	0	-2.70
0	0	-3.00
0	0	-3.20
0	0	-3.40
0	0	-3.50
0	0	-3.70
0	0	-3.70
0	28	-2.80
23	50	-1.40
80	64	0.10
118	80	1.30
143	80	2.10
145	75	2.50
123	72	2.40
65	44	1.60
15	1	0.50
0	0	0.10
0	0	-0.40
0	0	-0.80
0	0	-1.30
0	0	-1.70
0	0	-2.20
0	0	-2.60
0	0	-2.80
0	0	-3.00
0	0	-3.20
0	0	-3.30
0	0	-3.40
0	0	-3.50
0	0	-3.60
0	0	-3.60
0	25	-2.60
10	42	-0.90
62	48	0.90
125	56	2.50
158	53	3.60
183	50	4.10
141	43	4.10
83	34	3.20
19	2	2.00
0	0	1.40
0	0	0.80
0	0	0.30
0	0	-0.30
0	0	-0.80
0	0	-1.40
0	0	-1.90
0	0	-2.30
0	0	-2.60
0	0	-2.90
0	0	-3.10
0	0	-3.20
0	0	-3.40
0	0	-3.50
0	0	-3.60
0	21	-2.40
9	81	0.80
32	57	3.30
63	52	5.60
84	52	7.10
72	46	7.90
61	50	7.90
49	35	6.70
8	3	4.80
0	0	4.10
0	0	3.40
0	0	2.80
0	0	2.10
0	0	1.40
0	0	0.70
0	0	0.00
0	0	-0.80
0	0	-1.80
0	0	-2.70
0	0	-3.30
0	0	-3.80
0	0	-4.30
0	0	-4.70
0	0	-5.10
0	21	-4.40
12	68	-2.30
49	69	-0.40
62	61	1.20
74	73	2.00
62	71	2.30
55	71	1.70
31	41	0.50
7	1	-1.00
0	0	-0.80
0	0	-0.60
0	0	-0.50
0	0	-0.30
0	0	-0.10
0	0	0.00
0	0	0.20
0	0	0.60
0	0	1.00
0	0	1.50
0	0	1.80
0	0	2.10
0	0	2.40
0	0	2.70
0	0	2.80
0	4	3.30
10	23	4.10
35	27	4.60
54	28	4.90
115	30	5.10
111	122	8.00
74	55	9.40
41	38	9.50
7	1	8.60
0	0	8.50
0	0	8.40
0	0	8.30
0	0	8.20
0	0	8.20
0	0	8.10
0	0	8.00
0	0	7.50
0	0	6.90
0	0	6.30
0	0	6.00
0	0	5.70
0	0	5.40
0	0	5.20
0	0	5.00
0	5	5.00
6	34	5.30
26	49	5.50
41	57	5.60
73	65	5.70
70	55	5.70
46	39	5.60
29	20	5.40
7	1	5.20
0	0	4.80
0	0	4.40
0	0	4.10
0	0	3.40
0	0	3.20
0	0	2.90
0	0	2.60
0	0	2.30
0	0	1.90
0	0	1.50
0	0	1.30
0	0	1.10
0	0	0.90
0	0	0.80
0	0	0.70
0	4	0.90
5	15	1.10
20	33	1.50
49	36	1.70
63	41	1.90
54	117	3.70
37	44	4.60
16	39	4.60
4	1	3.90
0	0	3.40
0	0	3.00
0	0	2.60
0	0	2.20
0	0	1.80
0	0	1.40
0	0	0.90
0	0	0.50
0	0	0.10
0	0	-0.40
0	0	-0.60
0	0	-0.90
0	0	-1.10
0	0	-1.30
0	0	-1.50
0	3	-1.30
5	58	-0.10
22	87	0.80
31	129	1.90
49	146	2.80
41	129	3.30
36	84	3.10
20	41	2.60
5	1	1.70
0	0	1.40
0	0	1.20
0	0	1.00
0	0	0.70
0	0	0.50
0	0	0.20
0	0	0.00
0	0	-0.20
0	0	-0.30
0	0	-0.50
0	0	-0.50
0	0	-0.60
0	0	-0.70
0	0	-0.70
0	0	-0.80
0	3	-0.60
7	58	0.90
37	105	2.50
97	135	3.80
152	122	4.20
158	106	4.40
106	87	4.50
69	39	4.10
13	1	3.20
0	0	3.00
0	0	2.90
0	0	2.70
0	0	2.60
0	0	2.40
0	0	2.30
0	0	2.20
0	0	1.90
0	0	1.90
0	0	1.80
0	0	1.70
0	0	1.70
0	0	1.60
0	0	1.60
0	0	1.60
0	4	1.80
16	38	2.70
64	61	3.40
102	73	4.00
110	85	4.40
114	101	4.90
67	66	4.90
39	33	4.60
8	1	4.10
0	0	3.70
0	0	3.40
0	0	3.10
0	0	2.70
0	0	2.30
0	0	2.00
0	0	1.70
0	0	1.20
0	0	0.70
0	0	0.20
0	0	0.00
0	0	-0.30
0	0	-0.60
0	0	-0.80
0	0	-1.00
0	5	-0.90
8	48	-0.20
51	67	0.20
87	72	0.40
131	75	0.50
121	82	0.60
81	47	0.50
47	24	0.20
9	1	-0.30
0	0	-0.30
0	0	-0.60
0	0	-0.50
0	0	-0.50
0	0	-0.60
0	0	-0.60
0	0	-0.70
0	0	-0.50
0	0	-0.20
0	0	-0.10
0	0	-0.10
0	0	0.40
0	0	0.50
0	0	0.60
0	0	0.80
0	3	1.10
7	36	2.30
32	55	3.10
60	76	4.00
78	81	4.50
85	76	4.90
63	65	5.10
40	26	4.70
8	1	4.10
0	0	3.90
0	0	3.70
0	0	3.40
0	0	3.20
0	0	3.00
0	0	2.70
0	0	2.50
0	0	1.40
0	0	0.10
0	0	-1.20
0	0	-1.90
0	0	-2.60
0	0	-3.30
0	0	-3.80
0	0	-4.40
0	12	-4.10
7	74	-2.20
52	71	-0.90
85	101	0.10
95	96	0.80
101	81	1.30
90	75	1.10
66	37	0.10
13	2	-1.20
0	0	-1.50
0	0	-1.80
0	0	-2.10
0	0	-2.40
0	0	-2.70
0	0	-3.00
0	0	-3.30
0	0	-3.00
0	0	-2.60
0	0	-2.20
0	0	-2.00
0	0	-1.70
0	0	-1.50
0	0	-1.30
0	0	-1.10
0	10	-0.40
10	63	2.70
54	76	5.40
116	95	7.50
154	90	8.90
150	70	9.70
128	60	9.60
68	37	8.40
13	1	6.80
0	0	6.60
0	0	6.40
0	0	6.20
0	0	6.00
0	0	5.80
0	0	5.60
0	0	5.40
0	0	4.70
0	0	4.00
0	0	3.30
0	0	2.80
0	0	2.40
0	0	2.00
0	0	1.70
0	0	1.30
0	2	1.20
10	13	0.90
60	24	0.60
112	30	0.40
157	33	0.20
168	26	0.10
137	20	0.50
77	8	0.40
16	1	0.10
0	0	0.20
0	0	-0.20
0	0	-0.20
0	0	-0.50
0	0	-0.70
0	0	-0.90
0	0	-1.20
0	0	-1.00
0	0	-0.70
0	0	-0.40
0	0	-0.20
0	0	-0.10
0	0	0.10
0	0	0.20
0	0	0.40
0	6	0.80
15	63	3.40
88	74	5.90
157	106	7.60
184	109	8.80
191	133	9.30
144	90	9.10
90	36	8.20
17	1	6.80
0	0	6.70
0	0	6.60
0	0	6.50
0	0	6.50
0	0	6.40
0	0	6.30
0	0	6.20
0	0	5.80
0	0	5.40
0	0	5.00
0	0	4.70
0	0	4.50
0	0	4.30
0	0	4.10
0	0	3.90
0	5	4.10
8	58	5.50
55	106	6.70
111	133	7.60
162	135	8.20
189	118	8.40
163	80	8.10
92	33	7.40
17	1	6.50
0	0	6.50
0	0	6.60
0	0	6.60
0	0	6.60
0	0	6.60
0	0	6.60
0	0	6.60
0	0	6.70
0	0	6.90
0	0	7.10
0	0	7.20
0	0	7.40
0	0	7.50
0	0	7.60
0	0	7.70
0	2	7.90
11	29	8.80
68	65	9.90
127	76	10.70
133	98	11.50
129	73	11.70
103	46	11.60
48	16	11.10
10	1	10.60
0	0	10.40
0	0	9.90
0	0	9.90
0	0	9.70
0	0	9.50
0	0	9.30
0	0	9.00
0	0	8.30
0	0	7.40
0	0	6.60
0	0	6.10
0	0	5.60
0	0	5.10
0	0	4.70
0	0	4.40
0	4	4.30
7	48	4.60
40	69	4.80
93	69	4.80
107	74	4.80
128	72	4.80
101	54	4.60
54	29	4.20
12	1	4.10
0	0	4.00
0	0	3.90
0	0	3.70
0	0	3.60
0	0	3.50
0	0	3.40
0	0	3.30
0	0	3.60
0	0	4.10
0	0	4.60
0	0	4.80
0	0	5.10
0	0	5.40
0	0	5.70
0	0	5.90
0	3	6.20
7	39	7.50
44	94	9.40
106	87	10.10
143	126	11.20
161	111	11.80
152	59	11.60
86	18	10.90
18	1	10.20
0	0	10.00
0	0	9.90
0	0	9.80
0	0	9.70
0	0	9.50
0	0	9.40
0	0	9.30
0	0	8.70
0	0	8.10
0	0	7.50
0	0	7.10
0	0	6.80
0	0	6.50
0	0	6.20
0	0	6.00
0	8	6.20
8	47	6.90
41	94	8.10
57	106	8.50
76	113	8.80
38	108	8.90
15	83	8.90
5	30	8.40
1	2	7.70
0	0	7.40
0	0	7.10
0	0	6.80
0	0	6.40
0	0	6.10
0	0	5.80
0	0	5.50
0	0	5.40
0	0	5.30
0	0	5.20
0	0	5.20
0	0	5.20
0	0	5.20
0	0	5.20
0	0	5.20
0	2	5.30
4	35	6.20
15	73	7.20
31	102	8.10
71	111	8.80
90	97	9.10
85	66	9.10
53	32	8.70
8	1	8.10
0	0	7.80
0	0	7.40
0	0	7.00
0	0	6.60
0	0	6.10
0	0	5.90
0	0	5.50
0	0	4.30
0	0	3.20
0	0	1.70
0	0	1.00
0	0	-0.20
0	0	-0.30
0	0	-0.80
0	0	-1.30
0	2	-1.70
2	12	-2.40
13	22	-3.10
21	27	-3.70
22	29	-4.20
17	23	-4.50
17	17	-3.10
10	9	-3.10
2	1	-2.80
0	0	-3.10
0	0	-3.30
0	0	-3.50
0	0	-3.80
0	0	-4.10
0	0	-4.40
0	0	-4.60
0	0	-3.90
0	0	-3.00
0	0	-2.20
0	0	-1.70
0	0	-1.10
0	0	-0.60
0	0	-0.20
0	0	0.20
0	2	0.60
3	9	1.10
16	60	2.80
18	40	3.30
20	65	4.10
19	113	7.10
22	51	8.60
7	36	8.60
3	2	7.50
0	0	7.20
0	0	6.90
0	0	6.50
0	0	6.20
0	0	5.90
0	0	5.60
0	0	5.20
0	0	3.80
0	0	2.10
0	0	0.50
0	0	-0.40
0	0	-1.30
0	0	-2.20
0	0	-2.80
0	0	-3.50
0	7	-3.40
1	33	-1.40
13	51	0.40
31	56	1.80
59	58	2.70
56	55	3.10
62	44	2.90
37	30	1.80
7	1	0.40
0	0	-0.60
0	0	-1.50
0	0	-2.50
0	0	-3.50
0	0	-4.40
0	0	-5.40
0	0	-6.40
0	0	-6.80
0	0	-7.20
0	0	-7.60
0	0	-7.80
0	0	-8.00
0	0	-8.20
0	0	-8.30
0	0	-8.40
0	11	-7.80
1	70	-5.00
5	72	-4.80
12	88	-4.40
18	113	-2.30
45	72	-1.30
66	63	-1.10
49	42	-1.80
12	5	-3.00
0	0	-3.30
0	0	-3.70
0	0	-4.00
0	0	-4.30
0	0	-4.60
0	0	-4.90
0	0	-5.20
0	0	-5.60
0	0	-6.00
0	0	-6.50
0	0	-6.70
0	0	-6.90
0	0	-7.20
0	0	-7.30
0	0	-7.50
0	2	-7.50
8	9	-7.50
62	16	-7.20
118	21	-7.10
132	55	-6.80
108	124	-5.40
71	86	-5.00
36	53	-5.00
9	2	-5.50
0	0	-5.70
0	0	-5.80
0	0	-5.90
0	0	-6.00
0	0	-6.10
0	0	-6.30
0	0	-6.40
0	0	-6.30
0	0	-6.30
0	0	-6.20
0	0	-6.20
0	0	-6.10
0	0	-6.00
0	0	-6.00
0	0	-5.90
0	2	-5.80
5	10	-5.50
22	50	-4.50
55	108	-3.00
79	26	-3.20
79	115	-1.70
74	77	-1.00
48	43	-1.10
10	1	-1.90
0	0	-2.00
0	0	-2.20
0	0	-2.30
0	0	-2.40
0	0	-2.60
0	0	-2.70
0	0	-2.90
0	0	-3.20
0	0	-3.50
0	0	-3.80
0	0	-4.00
0	0	-4.20
0	0	-4.30
0	0	-4.40
0	0	-4.50
0	2	-4.50
8	10	-4.30
63	68	-3.30
113	90	-2.60
169	125	-1.70
187	103	-1.40
156	85	-1.20
89	43	-1.40
20	1	-2.00
0	0	-2.40
0	0	-2.70
0	0	-3.00
0	0	-3.40
0	0	-3.70
0	0	-4.10
0	0	-4.40
0	0	-4.80
0	0	-5.10
0	0	-5.50
0	0	-5.60
0	0	-5.80
0	0	-6.00
0	0	-6.10
0	0	-6.30
0	4	-6.10
3	43	-3.80
25	63	-1.70
22	85	-0.10
21	105	1.00
27	80	1.50
18	68	1.40
12	44	0.50
2	1	-0.90
0	0	-1.00
0	0	-1.20
0	0	-1.30
0	0	-1.40
0	0	-1.50
0	0	-1.60
0	0	-1.70
0	0	-1.80
0	0	-1.80
0	0	-1.90
0	0	-1.90
0	0	-1.90
0	0	-2.00
0	0	-2.00
0	0	-2.00
0	2	-1.90
4	43	-0.80
46	77	0.20
90	105	1.10
120	127	1.90
100	116	2.30
40	74	2.20
42	34	1.70
18	1	0.90
0	0	1.10
0	0	1.40
0	0	1.60
0	0	1.90
0	0	2.10
0	0	2.30
0	0	2.60
0	0	2.60
0	0	2.70
0	0	2.80
0	0	2.80
0	0	2.90
0	0	2.90
0	0	2.90
0	0	3.00
0	2	3.10
9	20	3.80
75	36	4.30
147	52	4.80
190	59	5.20
197	57	5.50
155	36	5.50
81	19	5.30
20	1	5.00
0	0	4.80
0	0	4.60
0	0	4.30
0	0	4.20
0	0	3.70
0	0	3.70
0	0	3.60
0	0	3.00
0	0	2.10
0	0	1.30
0	0	0.80
0	0	0.30
0	0	-0.10
0	0	-0.50
0	0	-0.90
0	2	-0.90
2	36	-0.70
11	72	-0.40
26	80	-0.30
26	87	-0.30
43	63	-0.40
60	47	-0.50
15	26	-0.80
7	1	-1.10
0	0	-1.20
0	0	-1.40
0	0	-1.50
0	0	-1.80
0	0	-1.90
0	0	-2.20
0	0	-2.20
