0	0	-0.26
0	0	-0.46
0	0	-0.26
0	0	-0.30
0	0	-0.38
0	0	-0.45
0	0	-0.40
0	0	0.72
0	0	0.94
22	21	1.37
79	73	2.74
147	105	4.01
152	117	4.94
178	105	5.67
117	89	5.89
107	29	5.90
0	0	5.52
0	0	5.20
0	0	5.56
0	0	5.17
0	0	4.98
0	0	5.50
0	0	4.96
0	0	4.85
0	0	4.69
0	0	4.56
0	0	4.29
0	0	4.14
0	0	3.97
0	0	3.41
0	0	3.37
0	0	3.56
0	0	3.94
28	26	4.43
57	53	5.49
98	90	5.01
89	83	4.76
87	81	5.12
57	54	5.18
51	47	5.11
0	0	5.07
0	0	4.03
0	0	4.37
0	0	4.58
0	0	4.10
0	0	3.55
0	0	3.61
0	0	4.03
0	0	3.23
0	0	2.90
0	0	2.77
0	0	3.19
0	0	3.40
0	0	3.00
0	0	2.88
0	0	2.72
0	0	2.87
34	31	3.11
76	70	3.82
70	66	3.29
160	119	3.56
180	108	4.09
108	90	4.61
4	4	4.12
0	0	3.02
0	0	2.45
0	0	2.73
0	0	2.53
0	0	2.36
0	0	1.42
0	0	0.70
0	0	1.11
0	0	0.53
0	0	0.91
0	0	0.82
0	0	0.16
0	0	-0.26
0	0	-0.02
0	0	0.00
0	0	0.08
0	0	0.78
14	14	1.26
89	77	2.39
166	103	3.19
166	119	3.61
127	112	3.90
50	48	4.02
21	21	3.57
6	5	2.92
0	0	2.94
0	0	2.55
0	0	1.86
0	0	1.48
0	0	1.29
0	0	1.20
0	0	0.75
0	0	0.50
0	0	0.11
0	0	-0.29
0	0	0.10
0	0	-0.32
0	0	-0.79
0	0	-1.07
0	0	-1.42
0	0	-0.99
6	5	-1.16
25	25	-1.42
49	48	-1.53
55	53	-1.39
49	47	-1.39
36	35	-1.70
10	10	-1.59
2	2	-2.64
0	0	-2.72
0	0	-3.06
0	0	-2.49
0	0	-2.63
0	0	-2.42
0	0	-2.60
0	0	-2.75
0	0	-2.91
0	0	-3.43
0	0	-3.78
0	0	-3.49
0	0	-3.70
0	0	-3.47
0	0	-3.43
0	0	-3.16
0	0	-2.30
42	35	-1.76
52	49	-1.23
99	92	-0.25
141	121	0.39
198	105	0.36
174	76	0.48
111	40	0.61
10	7	0.02
0	0	-0.40
0	0	-0.62
0	0	-1.11
0	0	-0.86
0	0	-0.78
0	0	-1.06
0	0	-1.17
0	0	-1.69
0	0	-2.33
0	0	-1.97
0	0	-1.95
0	0	-1.75
0	0	-1.71
0	0	-1.94
0	0	-1.76
0	0	-0.94
25	23	-0.34
149	64	0.52
168	106	0.94
195	116	1.07
137	117	1.68
127	95	1.81
52	48	1.53
4	4	0.76
0	0	0.21
0	0	-0.83
0	0	-0.77
0	0	-0.50
0	0	-1.18
0	0	-1.62
0	0	-1.30
0	0	-1.45
0	0	-0.84
0	0	-0.92
0	0	-0.84
0	0	-0.47
0	0	-0.13
0	0	0.38
0	0	0.28
0	0	0.34
14	14	1.26
18	18	1.22
30	29	1.73
40	39	1.31
37	36	1.49
28	27	1.23
20	20	1.27
3	3	0.58
0	0	0.83
0	0	0.85
0	0	1.01
0	0	0.72
0	0	1.33
0	0	1.86
0	0	2.42
0	0	3.14
0	0	2.85
0	0	2.65
0	0	2.40
0	0	2.69
0	0	2.29
0	0	2.50
0	0	2.56
0	0	3.36
6	6	3.39
21	20	2.93
41	40	2.71
52	50	3.61
14	14	3.59
34	33	4.31
23	23	4.49
2	2	5.03
0	0	5.22
0	0	5.29
0	0	5.37
0	0	5.17
0	0	4.82
0	0	5.42
0	0	5.31
0	0	5.37
0	0	5.70
0	0	5.61
0	0	5.56
0	0	5.30
0	0	5.50
0	0	5.32
0	0	4.93
0	0	5.26
30	28	5.40
11	11	5.74
80	76	5.17
149	125	5.19
92	86	5.60
55	52	5.32
15	14	5.25
5	5	5.48
0	0	4.98
0	0	4.24
0	0	4.36
0	0	4.17
0	0	3.56
0	0	3.74
0	0	3.33
0	0	3.31
0	0	2.34
0	0	2.71
0	0	2.98
0	0	3.98
0	0	3.74
0	0	3.38
0	0	3.55
0	0	2.88
34	32	2.92
126	81	3.51
87	81	5.01
85	80	5.56
178	121	5.92
141	100	5.80
80	63	5.80
8	8	6.69
0	0	6.55
0	0	6.95
0	0	7.61
0	0	6.98
0	0	6.81
0	0	7.24
0	0	7.39
0	0	7.24
0	0	7.44
0	0	7.50
0	0	7.62
0	0	7.66
0	0	7.60
0	0	7.61
0	0	8.18
0	0	8.41
14	13	9.17
11	11	9.66
140	115	10.56
142	126	11.06
163	124	11.21
92	86	11.77
61	56	10.72
11	10	10.31
0	0	10.28
0	0	10.30
0	0	10.21
0	0	9.84
0	0	9.90
0	0	10.13
0	0	10.22
0	0	10.21
0	0	9.95
0	0	9.36
0	0	9.18
0	0	8.61
0	0	8.50
0	0	8.27
0	0	7.57
0	0	7.70
26	25	7.98
55	52	7.43
97	91	7.06
54	52	7.05
70	67	7.29
71	67	7.33
19	18	7.37
4	4	6.58
0	0	6.29
0	0	5.77
0	0	5.81
0	0	5.98
0	0	6.21
0	0	6.79
0	0	6.82
0	0	6.62
0	0	6.28
0	0	6.32
0	0	6.80
0	0	6.64
0	0	6.89
0	0	7.34
0	0	7.88
0	0	7.75
21	20	8.12
84	77	7.52
35	34	7.59
135	124	7.97
97	91	8.14
48	47	8.00
46	43	8.62
9	8	8.83
0	0	8.04
0	0	8.11
0	0	8.04
0	0	8.31
0	0	8.81
0	0	8.34
0	0	9.54
0	0	9.62
0	0	9.13
0	0	7.98
0	0	8.36
0	0	7.77
0	0	7.27
0	0	6.39
0	0	5.36
0	0	4.66
37	35	5.35
64	60	4.68
26	26	4.75
135	124	4.05
77	73	4.42
66	63	3.60
42	40	2.87
8	8	2.00
0	0	1.23
0	0	1.22
0	0	0.72
0	0	0.13
0	0	-0.42
0	0	-0.86
0	0	-1.73
0	0	-2.27
0	0	-2.74
0	0	-3.20
0	0	-2.74
0	0	-2.75
0	0	-2.18
0	0	-2.29
0	0	-2.49
0	0	-1.93
57	44	-1.82
106	89	-1.65
122	112	-0.50
148	131	0.74
190	128	0.97
194	92	0.59
110	68	-0.01
38	17	-0.17
0	0	-0.66
0	0	-1.22
0	0	-1.25
0	0	-1.46
0	0	-1.29
0	0	-1.48
0	0	-1.94
0	0	-2.07
0	0	-1.75
0	0	-1.93
0	0	-2.50
0	0	-2.47
0	0	-2.98
0	0	-3.15
0	0	-3.21
0	0	-3.77
48	43	-2.97
92	84	-1.64
202	111	-0.72
161	135	0.25
175	132	-0.02
111	102	0.19
92	73	-0.28
14	13	-0.43
0	0	-0.48
0	0	-0.86
0	0	-0.47
0	0	-1.22
0	0	-1.01
0	0	-1.48
0	0	-2.35
0	0	-2.52
0	0	-2.83
0	0	-2.04
0	0	-1.20
0	0	-1.02
0	0	-1.92
0	0	-1.84
0	0	-1.25
0	0	-0.76
12	12	-0.62
37	36	-0.18
30	29	0.42
79	75	1.47
39	38	1.70
67	64	1.10
56	53	0.80
8	7	1.38
0	0	0.80
0	0	0.97
0	0	0.69
0	0	0.47
0	0	-0.30
0	0	-0.03
0	0	0.45
0	0	-0.06
0	0	-0.93
0	0	-1.18
0	0	-1.92
0	0	-2.74
0	0	-2.76
0	0	-2.75
0	0	-3.09
0	0	-4.36
23	22	-3.98
81	75	-4.16
157	124	-4.17
98	92	-4.13
64	62	-4.37
60	58	-4.22
63	59	-4.79
11	10	-5.00
0	0	-5.38
0	0	-6.10
0	0	-6.85
0	0	-7.41
0	0	-7.37
0	0	-7.98
0	0	-8.22
0	0	-8.63
0	0	-8.85
0	0	-8.58
0	0	-8.52
0	0	-9.15
0	0	-9.16
0	0	-9.05
0	0	-8.33
0	0	-7.65
56	48	-6.76
53	51	-5.91
45	44	-4.79
155	138	-4.27
189	136	-3.11
124	112	-2.48
128	72	-1.87
54	20	-1.81
0	0	-2.06
0	0	-2.18
0	0	-2.26
0	0	-2.29
0	0	-2.28
0	0	-1.62
0	0	-1.15
0	0	-1.74
0	0	-1.35
0	0	-1.94
0	0	-1.84
0	0	-1.62
0	0	-1.92
0	0	-1.80
0	0	-2.08
0	0	-1.56
57	49	-0.70
128	96	-0.27
177	127	0.62
215	138	1.21
231	127	1.88
143	117	1.28
55	52	0.67
37	29	-0.26
0	0	-1.03
0	0	-1.11
0	0	-1.08
0	0	-1.41
0	0	-2.45
0	0	-3.19
0	0	-3.53
0	0	-4.37
0	0	-5.00
0	0	-5.48
0	0	-5.22
0	0	-5.15
0	0	-4.92
0	0	-5.04
0	0	-4.99
0	0	-4.97
22	22	-5.29
78	73	-5.33
97	91	-5.11
113	106	-4.10
51	50	-4.38
51	49	-5.02
36	35	-5.39
14	14	-5.71
0	0	-5.78
0	0	-5.24
0	0	-5.33
0	0	-6.14
0	0	-6.33
0	0	-6.69
0	0	-6.91
0	0	-7.58
0	0	-6.82
0	0	-6.62
0	0	-5.87
0	0	-6.56
0	0	-6.09
0	0	-5.10
0	0	-4.89
0	0	-4.10
77	52	-3.32
153	95	-2.72
153	130	-1.73
65	63	-0.56
157	139	-0.02
155	121	0.47
53	51	0.86
35	32	0.73
0	0	0.52
0	0	1.12
0	0	1.77
0	0	2.16
0	0	2.29
0	0	2.63
0	0	2.02
0	0	2.23
0	0	2.00
0	0	1.44
0	0	1.63
0	0	1.97
0	0	1.70
0	0	1.75
0	0	1.15
0	0	1.42
28	27	1.34
72	68	1.95
22	21	3.08
156	143	3.36
207	142	3.43
82	78	4.15
38	37	4.15
28	26	3.34
0	0	2.48
0	0	2.21
0	0	2.71
0	0	2.36
0	0	1.64
0	0	1.30
0	0	0.96
0	0	1.12
0	0	0.48
0	0	-0.02
0	0	0.27
0	0	-0.33
0	0	0.02
0	0	0.36
0	0	0.31
0	0	0.78
41	39	1.14
7	7	1.50
66	64	1.96
128	119	2.46
246	132	2.81
143	124	2.52
86	79	2.76
52	36	2.05
0	0	1.71
0	0	1.61
0	0	1.09
0	0	0.99
0	0	0.40
0	0	-0.47
0	0	-0.63
0	0	0.20
0	0	0.16
0	0	0.09
0	0	-0.60
0	0	-0.72
0	0	-0.09
0	0	0.29
0	0	0.26
0	0	-0.21
29	27	0.13
92	86	0.18
116	108	0.34
111	105	0.28
37	36	0.37
130	119	0.38
71	66	0.98
14	14	1.18
0	0	1.10
0	0	0.30
0	0	-0.21
0	0	-0.06
0	0	-0.36
0	0	-0.37
0	0	-0.77
0	0	-1.26
0	0	-2.23
0	0	-2.58
0	0	-2.65
0	0	-2.83
0	0	-2.95
0	0	-2.99
0	0	-3.21
0	0	-2.23
57	53	-1.59
81	76	-1.20
136	125	-0.14
175	151	0.15
104	98	0.49
92	86	0.96
131	90	0.76
47	40	-0.30
0	0	-0.89
0	0	-0.53
0	0	-0.31
0	0	-0.22
0	0	0.21
0	0	-0.24
0	0	0.11
0	0	0.38
0	0	0.30
0	0	0.36
0	0	0.52
0	0	-0.13
0	0	0.24
0	0	0.18
0	0	0.21
4	4	0.44
57	53	0.51
76	71	0.72
113	106	1.24
114	107	1.97
97	92	2.27
134	122	2.40
98	89	2.23
43	40	1.86
0	0	1.66
0	0	1.15
0	0	1.19
0	0	0.87
0	0	0.55
0	0	0.45
0	0	0.44
0	0	0.51
0	0	0.55
0	0	-0.20
0	0	-0.76
0	0	-0.89
0	0	-0.45
0	0	-0.57
0	0	-1.15
3	3	-0.67
12	11	-0.85
35	34	-1.05
81	77	-1.28
56	54	-1.84
106	100	-1.78
90	85	-1.35
69	65	-1.37
33	31	-1.71
0	0	-1.85
0	0	-2.29
0	0	-2.48
0	0	-3.26
0	0	-3.31
0	0	-3.47
0	0	-3.99
0	0	-3.89
0	0	-4.20
0	0	-4.19
0	0	-4.27
0	0	-4.03
0	0	-4.46
0	0	-4.25
0	0	-4.68
5	5	-4.51
17	17	-4.01
76	71	-2.95
39	38	-2.09
53	52	-1.65
143	133	-0.66
170	135	-0.97
103	94	-0.54
23	22	-0.61
0	0	-0.70
0	0	-0.34
0	0	0.33
0	0	-0.18
0	0	-0.41
0	0	-1.08
0	0	-0.98
0	0	-0.52
0	0	0.05
0	0	0.46
0	0	1.30
0	0	1.52
0	0	1.72
0	0	2.33
0	0	2.71
6	6	3.59
114	58	4.34
161	112	4.28
78	75	6.02
129	121	7.04
177	156	7.78
155	135	8.41
71	67	8.73
73	47	9.56
0	0	9.81
0	0	10.38
0	0	10.18
0	0	10.26
0	0	10.59
0	0	10.50
0	0	10.62
0	0	10.59
0	0	10.81
0	0	10.22
0	0	9.95
0	0	10.12
0	0	9.69
0	0	9.71
0	0	10.11
2	2	9.64
36	34	10.48
146	115	10.65
254	131	11.99
251	157	12.93
172	156	13.31
121	112	13.87
80	75	13.93
58	50	13.57
0	0	13.15
0	0	13.01
0	0	12.87
0	0	12.07
0	0	11.31
0	0	11.03
0	0	11.24
0	0	10.90
0	0	10.46
0	0	10.23
0	0	9.48
0	0	8.84
0	0	8.11
0	0	7.51
0	0	5.95
9	9	6.01
15	14	6.22
66	63	6.58
142	131	6.87
188	163	6.58
201	162	6.13
250	122	5.09
108	98	4.51
20	19	3.03
0	0	2.35
0	0	0.67
0	0	-0.40
0	0	-1.30
0	0	-1.97
0	0	-3.02
0	0	-4.28
0	0	-4.81
0	0	-5.29
0	0	-4.93
0	0	-4.76
0	0	-5.51
0	0	-5.49
0	0	-4.66
0	0	-4.61
18	14	-4.22
64	60	-3.54
189	113	-1.51
160	147	-0.66
254	162	0.46
283	147	0.95
293	95	1.74
150	105	1.38
51	47	0.67
0	0	-0.19
0	0	-0.29
0	0	-0.49
0	0	0.09
0	0	0.44
0	0	0.02
0	0	0.55
0	0	0.29
0	0	0.35
0	0	-0.63
0	0	-0.55
0	0	-0.64
0	0	-0.95
0	0	-1.44
0	0	-1.11
24	15	-0.72
59	55	-0.96
136	119	-0.47
152	140	0.14
252	166	0.57
184	164	0.57
212	144	-0.08
172	103	-1.13
93	53	-1.02
0	0	-1.62
0	0	-2.07
0	0	-2.99
0	0	-3.34
0	0	-4.07
0	0	-4.54
0	0	-6.03
0	0	-6.45
0	0	-6.59
0	0	-6.46
0	0	-6.28
0	0	-6.57
0	0	-6.59
0	0	-6.44
0	0	-5.78
21	17	-5.08
71	66	-4.68
211	110	-3.66
229	153	-2.74
192	169	-1.70
235	168	-1.32
247	136	-1.14
71	67	-1.49
29	28	-2.52
0	0	-3.46
0	0	-3.71
0	0	-4.47
0	0	-5.29
0	0	-6.04
0	0	-5.94
0	0	-6.04
0	0	-6.34
0	0	-6.18
0	0	-5.83
0	0	-5.43
0	0	-5.35
0	0	-4.87
0	0	-4.40
0	0	-4.00
17	16	-2.84
57	54	-1.77
133	121	-0.99
173	155	0.35
262	169	1.01
191	169	1.79
325	82	2.42
203	96	2.60
66	60	1.70
0	0	1.46
0	0	0.95
0	0	0.68
0	0	0.86
0	0	0.57
0	0	0.35
0	0	-0.18
0	0	-0.15
0	0	-0.74
0	0	-1.56
0	0	-1.92
0	0	-2.73
0	0	-3.22
0	0	-3.54
0	0	-3.62
9	9	-3.49
90	79	-3.44
188	125	-3.00
215	161	-1.76
219	176	-1.48
284	161	-1.25
184	152	-1.34
167	113	-1.86
113	54	-2.33
0	0	-3.62
0	0	-4.78
0	0	-5.12
0	0	-5.55
0	0	-5.75
0	0	-6.79
0	0	-7.09
0	0	-8.17
0	0	-8.53
0	0	-8.78
0	0	-8.74
0	0	-9.15
0	0	-9.63
0	0	-10.81
0	0	-10.61
35	22	-10.89
149	68	-10.12
132	121	-9.75
278	146	-8.69
311	157	-7.35
305	155	-6.88
222	153	-6.40
173	115	-6.17
92	65	-7.08
10	6	-8.13
0	0	-8.25
0	0	-9.07
0	0	-9.65
0	0	-10.09
0	0	-10.65
0	0	-10.66
0	0	-10.66
0	0	-10.48
0	0	-9.56
0	0	-8.37
0	0	-8.02
0	0	-7.92
0	0	-7.64
0	0	-7.09
13	13	-6.38
134	79	-5.49
170	132	-4.94
157	145	-3.69
261	179	-2.27
222	178	-0.76
130	121	-0.44
112	103	0.36
68	62	0.34
9	8	1.05
0	0	1.67
0	0	2.08
0	0	2.32
0	0	3.13
0	0	3.35
0	0	4.32
0	0	4.72
0	0	4.65
0	0	4.02
0	0	3.16
0	0	3.15
0	0	3.64
0	0	3.55
0	0	2.96
14	13	3.42
34	33	3.31
47	46	4.11
159	147	4.37
157	146	4.77
79	77	5.65
118	111	5.79
96	90	5.38
55	52	5.04
6	6	4.71
0	0	5.01
0	0	4.70
0	0	4.07
0	0	4.56
0	0	4.40
0	0	4.46
0	0	3.87
0	0	3.74
0	0	3.62
0	0	3.59
0	0	3.73
0	0	4.30
0	0	3.84
0	0	4.19
42	29	3.83
81	75	4.45
152	135	5.35
226	170	5.90
258	185	6.33
116	110	6.76
149	138	6.40
97	91	7.02
102	72	6.37
6	5	5.61
0	0	5.92
0	0	5.78
0	0	5.70
0	0	5.17
0	0	5.01
0	0	4.94
0	0	4.77
0	0	5.19
0	0	5.69
0	0	5.68
0	0	5.82
0	0	5.57
0	0	5.11
0	0	5.28
22	20	5.52
83	77	6.32
149	135	7.03
191	169	8.40
306	176	9.52
85	82	10.20
177	160	10.29
174	126	11.05
155	47	10.51
15	13	9.91
0	0	9.85
0	0	9.82
0	0	10.47
0	0	10.51
0	0	10.59
0	0	9.99
0	0	9.67
0	0	10.24
0	0	9.56
0	0	8.90
0	0	8.38
0	0	7.56
0	0	7.74
0	0	7.08
23	22	7.10
91	83	7.74
166	141	8.48
306	152	9.03
221	189	9.02
106	101	8.96
148	137	9.18
79	75	8.83
119	74	7.83
16	15	7.02
0	0	6.35
0	0	5.66
0	0	4.88
0	0	4.40
0	0	4.46
0	0	4.46
0	0	4.49
0	0	4.26
0	0	4.33
0	0	4.33
0	0	3.92
0	0	4.23
0	0	4.27
0	0	4.52
14	13	4.72
96	88	5.31
238	132	5.88
213	177	6.87
229	192	7.37
249	191	8.02
178	163	8.74
78	74	8.51
49	46	9.07
7	7	8.42
0	0	8.75
0	0	8.81
0	0	8.64
0	0	8.74
0	0	8.60
0	0	8.89
0	0	9.10
0	0	8.53
0	0	8.16
0	0	8.23
0	0	8.75
0	0	8.54
0	0	8.44
0	0	7.82
27	25	8.47
127	98	8.75
170	145	9.76
282	171	11.08
233	195	11.45
200	183	11.56
211	172	11.99
80	76	11.96
43	41	11.55
7	7	10.04
0	0	10.29
0	0	10.62
0	0	9.78
0	0	10.20
0	0	9.75
0	0	9.52
0	0	9.37
0	0	9.64
0	0	9.51
0	0	9.39
0	0	8.59
0	0	8.41
0	0	8.34
0	0	8.00
16	16	7.79
96	89	8.40
136	126	8.66
82	79	9.20
277	197	10.03
242	195	10.54
283	162	10.63
84	80	10.71
8	8	10.57
8	7	10.29
0	0	10.50
0	0	10.56
0	0	10.78
0	0	10.42
0	0	9.11
0	0	8.80
0	0	8.59
0	0	8.49
0	0	7.83
0	0	8.10
0	0	8.53
0	0	8.39
0	0	7.36
0	0	7.53
34	31	7.92
42	40	8.54
157	144	9.31
132	124	9.92
172	160	10.94
236	197	10.61
170	157	11.41
107	101	10.87
85	78	10.59
17	16	10.34
0	0	9.21
0	0	8.87
0	0	8.49
0	0	8.29
0	0	7.64
0	0	7.91
0	0	7.78
0	0	7.88
0	0	7.63
0	0	7.74
0	0	6.88
0	0	6.73
0	0	6.16
0	0	5.43
65	45	5.40
125	105	5.91
100	94	5.74
116	110	5.64
281	202	5.04
270	200	5.43
183	168	5.02
88	83	4.65
83	77	3.06
17	16	1.84
0	0	0.81
0	0	0.07
0	0	-0.11
0	0	-0.35
0	0	-0.28
0	0	-0.31
0	0	-0.90
0	0	-1.29
0	0	-1.28
0	0	-1.60
0	0	-1.45
0	0	-1.02
0	0	-0.75
0	0	-0.86
26	25	-0.39
94	87	0.39
133	124	1.64
270	188	2.62
240	204	3.06
221	198	3.45
283	173	3.81
99	94	3.20
63	60	2.95
24	22	2.32
0	0	1.72
0	0	1.29
0	0	0.85
0	0	0.87
0	0	0.26
0	0	0.27
0	0	-0.11
0	0	0.50
0	0	1.03
0	0	1.53
0	0	1.77
0	0	2.11
0	0	2.42
0	0	2.09
35	33	2.08
71	67	2.26
184	157	2.74
138	130	3.03
222	202	4.13
161	151	4.20
131	123	4.16
99	93	4.23
43	41	4.02
14	14	3.71
0	0	3.17
0	0	3.54
0	0	4.00
0	0	3.68
0	0	4.07
0	0	4.31
0	0	3.26
0	0	2.53
0	0	2.17
0	0	2.43
0	0	2.57
0	0	2.43
0	0	2.79
0	0	2.77
43	40	4.14
157	112	5.10
181	159	5.99
191	176	6.46
330	201	6.17
368	178	6.06
215	184	6.32
244	136	5.99
131	95	5.26
25	24	4.85
0	0	4.79
0	0	4.74
0	0	4.92
0	0	4.37
0	0	4.04
0	0	4.03
0	0	3.37
0	0	3.56
0	0	3.56
0	0	2.99
0	0	2.16
0	0	2.50
0	0	1.81
0	0	1.72
24	24	1.65
81	77	1.34
167	153	2.58
198	181	2.85
94	91	3.73
280	210	3.15
213	186	3.21
112	105	2.69
39	38	2.12
26	25	1.75
0	0	0.96
0	0	0.36
0	0	0.16
0	0	-0.74
0	0	-0.71
0	0	-1.09
0	0	-0.94
0	0	-1.09
0	0	-1.92
0	0	-1.86
0	0	-2.42
0	0	-3.68
0	0	-3.67
0	0	-3.86
17	17	-4.21
53	51	-4.55
51	50	-4.62
109	104	-5.06
84	81	-4.93
46	45	-4.97
26	26	-5.52
65	62	-6.43
25	24	-6.40
17	16	-5.76
0	0	-6.06
0	0	-6.83
0	0	-7.03
0	0	-6.53
0	0	-7.59
0	0	-7.75
0	0	-7.53
0	0	-7.20
0	0	-7.37
0	0	-7.05
0	0	-7.76
0	0	-7.31
0	0	-7.41
0	0	-6.51
18	17	-6.16
28	27	-5.43
54	53	-6.09
79	76	-4.92
67	65	-4.27
29	28	-3.50
66	64	-2.55
80	77	-1.86
19	19	-1.58
6	6	-1.64
0	0	-1.51
0	0	-0.90
0	0	-0.42
0	0	-0.87
0	0	-0.70
0	0	-0.34
0	0	-0.11
0	0	0.15
0	0	0.69
0	0	0.58
0	0	0.76
0	0	1.12
0	0	1.45
0	0	2.17
4	4	2.05
44	42	3.45
69	67	2.92
67	65	2.91
82	79	3.30
88	85	3.64
112	107	3.57
51	49	3.06
7	7	3.71
12	12	3.35
0	0	3.48
0	0	2.98
0	0	3.90
0	0	3.92
0	0	4.25
0	0	4.98
0	0	5.41
0	0	4.76
0	0	4.70
0	0	3.64
0	0	3.24
0	0	2.91
0	0	2.27
0	0	3.02
6	6	3.12
37	36	2.95
146	136	3.52
89	86	3.95
100	96	3.79
173	162	4.04
208	190	4.02
123	116	3.67
49	47	3.29
21	21	2.55
0	0	1.81
0	0	1.79
0	0	1.36
0	0	0.96
0	0	0.58
0	0	-0.24
0	0	-0.12
0	0	-0.92
0	0	-1.77
0	0	-2.05
0	0	-2.65
0	0	-2.57
0	0	-3.07
0	0	-3.34
78	67	-3.99
170	128	-4.30
311	153	-3.31
216	198	-3.26
154	145	-2.98
136	129	-3.25
223	197	-3.16
68	66	-3.15
32	31	-4.22
12	12	-5.57
0	0	-5.51
0	0	-6.43
0	0	-7.36
0	0	-7.63
0	0	-8.07
0	0	-8.66
0	0	-8.99
0	0	-9.58
0	0	-10.33
0	0	-10.55
0	0	-10.55
0	0	-10.42
0	0	-9.82
7	5	-10.86
70	64	-10.20
180	130	-9.76
262	177	-9.20
249	211	-7.91
255	225	-6.63
250	221	-6.12
359	175	-6.12
233	163	-5.85
141	111	-6.18
35	33	-6.66
0	0	-7.78
0	0	-8.12
0	0	-8.89
0	0	-9.07
0	0	-9.07
0	0	-9.55
0	0	-8.30
0	0	-8.08
0	0	-8.17
0	0	-8.97
0	0	-8.93
0	0	-9.23
0	0	-9.14
11	7	-8.34
36	34	-7.11
141	129	-6.64
321	158	-5.77
311	212	-4.79
324	229	-3.25
345	220	-2.98
430	124	-2.54
321	125	-3.44
146	113	-3.58
83	45	-4.59
0	0	-5.37
0	0	-6.66
0	0	-7.22
0	0	-7.55
0	0	-8.06
0	0	-8.01
0	0	-7.95
0	0	-7.51
0	0	-6.89
0	0	-6.31
0	0	-5.75
0	0	-5.27
0	0	-4.67
14	10	-3.76
69	64	-2.59
99	93	-0.93
324	161	0.84
265	218	2.97
327	232	4.97
538	95	6.52
503	89	7.24
224	169	7.75
84	79	7.67
77	51	8.11
0	0	7.65
0	0	7.30
0	0	7.03
0	0	6.90
0	0	6.71
0	0	7.53
0	0	7.84
0	0	7.91
0	0	7.08
0	0	6.45
0	0	6.22
0	0	5.59
0	0	5.62
5	5	5.81
96	78	5.53
223	130	6.28
302	176	7.28
305	219	8.79
320	235	8.86
418	195	10.35
351	192	10.86
347	115	10.38
180	114	9.95
84	52	9.09
0	0	8.46
0	0	6.79
0	0	6.13
0	0	5.31
0	0	4.10
0	0	3.86
0	0	3.11
0	0	2.90
0	0	2.06
0	0	1.77
0	0	1.19
0	0	0.95
0	0	1.32
6	6	1.36
68	63	1.11
190	142	2.64
194	178	2.95
211	195	3.83
345	235	5.22
286	234	6.04
398	169	6.16
260	169	6.64
201	109	6.10
36	34	5.13
0	0	3.86
0	0	3.24
0	0	3.44
0	0	3.56
0	0	3.25
0	0	2.80
0	0	1.83
0	0	1.64
0	0	1.10
0	0	0.92
0	0	0.70
0	0	0.17
0	0	0.62
14	13	1.39
68	63	1.80
151	138	2.34
220	191	2.88
149	141	4.24
203	189	5.08
146	139	5.42
272	215	5.38
205	174	5.01
140	121	4.60
75	59	4.20
0	0	3.93
0	0	3.40
0	0	3.79
0	0	3.64
0	0	2.91
0	0	2.26
0	0	2.29
0	0	2.19
0	0	2.76
0	0	3.20
0	0	3.49
0	0	3.41
0	0	2.89
7	7	4.00
14	14	3.93
25	25	4.54
102	97	5.73
271	227	6.82
304	243	7.48
176	165	7.69
167	157	8.22
25	24	8.32
40	39	7.82
20	20	6.83
0	0	5.91
0	0	5.54
0	0	5.81
0	0	5.09
0	0	5.52
0	0	5.12
0	0	5.48
0	0	4.75
0	0	4.80
0	0	4.45
0	0	4.41
0	0	3.56
0	0	3.38
19	17	3.28
25	24	3.74
138	128	4.70
176	163	5.88
154	146	6.89
181	170	8.17
362	236	8.37
289	220	7.92
256	179	7.42
203	119	6.51
82	63	5.90
0	0	4.68
0	0	4.81
0	0	4.99
0	0	4.36
0	0	4.63
0	0	3.65
0	0	3.82
0	0	3.02
0	0	2.36
0	0	2.16
0	0	2.23
0	0	2.14
0	0	1.91
48	18	2.23
141	89	2.52
261	136	4.07
354	173	5.41
343	229	6.34
387	238	7.11
282	242	7.45
468	132	7.94
328	154	8.01
181	128	8.33
48	45	6.96
0	0	5.50
0	0	5.77
0	0	5.78
0	0	5.70
0	0	4.35
0	0	3.90
0	0	3.41
0	0	3.08
0	0	2.29
0	0	2.24
0	0	1.90
0	0	1.75
0	0	1.97
13	12	1.73
56	53	1.82
158	145	2.57
328	191	2.86
222	205	3.48
433	222	4.29
270	242	4.84
245	220	3.82
250	185	3.18
229	115	2.39
97	66	1.57
0	0	1.19
0	0	0.67
0	0	0.44
0	0	-0.39
0	0	-0.46
0	0	-1.64
0	0	-2.19
0	0	-2.85
0	0	-2.89
0	0	-2.41
0	0	-2.02
0	0	-2.02
0	0	-1.85
10	10	-1.34
92	85	-0.99
153	141	-0.86
145	137	-0.15
96	93	0.26
262	239	1.20
144	137	1.57
131	125	1.55
76	73	1.33
113	105	0.95
62	57	0.78
0	0	0.42
0	0	0.10
0	0	0.34
0	0	0.23
0	0	0.40
0	0	0.69
0	0	1.30
0	0	1.32
0	0	1.96
0	0	1.66
0	0	2.60
0	0	2.52
0	0	2.04
14	13	2.20
51	49	2.81
33	32	3.42
75	73	4.51
129	123	4.87
59	58	5.23
191	179	5.29
141	134	5.38
47	46	5.65
69	66	5.98
40	38	5.76
2	2	5.80
0	0	6.17
0	0	5.30
0	0	5.24
0	0	5.76
0	0	5.17
0	0	4.53
0	0	4.82
0	0	4.35
0	0	4.61
0	0	4.67
0	0	5.13
0	0	5.45
28	26	5.40
54	51	5.98
134	125	6.33
201	185	7.22
150	142	7.36
238	220	7.74
290	251	8.68
213	197	8.45
39	38	8.68
113	106	8.31
11	11	7.76
5	4	7.10
0	0	6.30
0	0	5.94
0	0	5.73
0	0	5.03
0	0	4.66
0	0	4.08
0	0	3.32
0	0	2.59
0	0	1.98
0	0	2.21
0	0	2.30
0	0	1.97
64	35	2.40
143	106	2.29
293	143	3.36
271	214	4.52
285	244	5.42
386	255	7.12
385	250	8.21
294	234	9.11
342	167	8.64
249	120	7.33
62	58	5.68
8	7	5.18
0	0	4.58
0	0	3.58
0	0	3.60
0	0	3.30
0	0	2.35
0	0	1.88
0	0	1.29
0	0	0.57
0	0	0.44
0	0	0.86
0	0	0.46
0	0	0.36
63	39	0.21
187	96	1.45
141	131	2.39
239	212	3.64
391	237	4.82
342	263	5.73
320	259	7.05
314	236	7.31
290	192	7.39
173	142	6.47
131	71	5.53
10	9	4.42
0	0	4.17
0	0	3.60
0	0	2.88
0	0	2.74
0	0	2.29
0	0	1.87
0	0	1.25
0	0	0.96
0	0	0.64
0	0	0.72
0	0	0.56
0	0	0.88
26	25	0.80
45	43	1.02
211	171	1.27
428	160	2.01
562	114	3.04
431	248	3.65
316	261	4.50
190	178	4.84
230	197	4.56
149	137	4.59
112	80	3.28
12	11	1.98
0	0	2.09
0	0	1.35
0	0	1.07
0	0	0.45
0	0	0.10
0	0	-0.79
0	0	-0.86
0	0	-0.57
0	0	-1.15
0	0	-1.38
0	0	-1.63
0	0	-1.45
76	43	-0.55
133	113	0.35
306	151	1.38
478	121	2.39
436	226	3.52
431	251	4.87
442	239	5.72
461	183	6.20
386	151	6.16
242	135	5.49
172	49	3.98
18	14	2.80
0	0	2.38
0	0	2.26
0	0	1.70
0	0	1.33
0	0	1.64
0	0	1.77
0	0	1.43
0	0	0.75
0	0	1.24
0	0	0.61
0	0	-0.06
0	0	-0.16
77	47	0.23
106	98	0.74
278	168	1.96
472	134	2.89
440	228	4.41
477	233	5.50
361	265	5.69
365	236	6.40
408	138	5.65
181	148	4.88
137	79	4.48
26	14	3.21
0	0	2.56
0	0	0.98
0	0	0.19
0	0	-0.44
0	0	-0.42
0	0	-0.71
0	0	-0.69
0	0	-0.73
0	0	-0.32
0	0	-0.96
0	0	-0.78
0	0	-0.38
42	40	-0.99
153	120	-0.85
187	171	0.24
157	148	1.27
190	179	2.39
327	272	2.98
320	267	3.71
70	68	4.66
87	84	4.49
87	83	4.06
36	35	3.66
8	8	3.66
0	0	3.49
0	0	3.05
0	0	2.84
0	0	3.26
0	0	2.91
0	0	3.06
0	0	2.60
0	0	2.69
0	0	2.42
0	0	2.85
0	0	2.90
0	0	3.05
44	41	3.07
77	73	3.56
162	150	4.79
387	207	4.75
353	261	5.56
465	248	5.94
220	206	6.26
85	82	6.28
141	133	6.29
55	54	5.62
37	36	5.08
7	7	3.96
0	0	3.88
0	0	3.43
0	0	2.78
0	0	1.83
0	0	2.33
0	0	2.00
0	0	1.24
0	0	1.28
0	0	1.49
0	0	0.57
0	0	0.50
0	0	0.63
77	57	1.14
167	125	1.70
253	184	3.45
387	211	4.59
325	264	4.89
385	276	5.56
403	267	5.61
304	249	5.49
302	206	4.78
180	154	4.26
105	90	3.32
23	21	2.26
0	0	1.22
0	0	0.42
0	0	0.65
0	0	0.04
0	0	-1.21
0	0	-1.49
0	0	-1.49
0	0	-1.89
0	0	-1.86
0	0	-1.79
0	0	-1.37
0	0	-2.23
55	51	-1.59
109	101	-0.80
226	187	0.16
355	227	0.81
474	227	2.12
447	264	2.62
322	273	3.12
373	246	3.71
242	209	3.84
160	147	3.63
67	63	2.76
16	15	2.69
0	0	2.01
0	0	2.17
0	0	1.86
0	0	1.31
0	0	0.31
0	0	0.21
0	0	0.50
0	0	0.54
0	0	0.34
0	0	1.01
0	0	1.44
0	0	2.14
30	29	2.77
71	68	3.22
183	169	4.10
320	237	6.42
557	168	8.22
561	198	8.82
340	277	10.16
265	242	10.92
282	213	10.62
180	157	10.23
72	67	10.12
20	18	9.50
0	0	9.09
0	0	8.82
0	0	8.50
0	0	8.01
0	0	7.86
0	0	7.76
0	0	7.59
0	0	7.34
0	0	6.93
0	0	6.57
0	0	6.58
0	0	6.33
15	15	6.39
25	25	6.78
222	191	6.65
232	214	6.94
388	268	7.25
399	282	8.00
496	239	7.74
133	128	7.26
262	215	7.31
195	161	6.34
105	94	5.07
30	27	3.78
0	0	3.07
0	0	3.02
0	0	3.02
0	0	2.16
0	0	2.15
0	0	1.97
0	0	2.22
0	0	2.61
0	0	2.46
0	0	2.74
0	0	2.49
0	0	2.88
33	32	3.76
61	59	4.66
287	191	5.23
289	241	6.93
268	246	8.44
464	268	9.43
371	282	10.51
278	251	10.96
206	190	11.79
45	44	11.40
106	96	11.39
14	14	11.40
0	0	11.56
0	0	11.47
0	0	11.56
0	0	12.08
0	0	12.33
0	0	12.39
0	0	11.77
0	0	11.40
0	0	11.72
0	0	12.04
0	0	12.63
0	0	13.08
50	47	13.49
145	132	13.55
157	147	14.23
276	241	15.29
222	207	16.19
109	106	16.33
157	150	17.04
292	256	17.02
181	169	16.78
154	142	15.84
84	79	15.18
40	31	14.56
0	0	14.55
0	0	13.88
0	0	13.80
0	0	14.18
0	0	13.99
0	0	14.10
0	0	14.32
0	0	14.01
0	0	13.25
0	0	12.74
0	0	12.68
6	5	12.58
91	74	12.52
31	31	13.26
222	197	15.22
309	247	16.30
192	181	17.65
531	240	18.05
312	280	18.29
314	261	18.66
374	200	18.98
223	167	18.39
135	103	17.89
34	31	16.92
0	0	16.81
0	0	15.75
0	0	15.07
0	0	14.08
0	0	13.39
0	0	12.84
0	0	12.86
0	0	11.98
0	0	11.66
0	0	11.36
0	0	10.27
14	7	9.33
100	76	10.01
277	108	11.59
335	186	13.12
552	120	14.48
491	244	15.87
555	229	17.57
556	215	18.49
443	240	18.46
488	115	18.31
279	156	17.36
178	94	16.48
52	34	15.53
0	0	14.81
0	0	13.99
0	0	12.74
0	0	11.75
0	0	11.47
0	0	10.70
0	0	9.66
0	0	8.34
0	0	7.26
0	0	7.24
0	0	6.46
14	10	6.21
149	62	6.03
292	102	6.69
413	140	7.16
474	198	8.24
453	265	9.70
463	282	11.06
429	284	11.71
436	246	11.85
280	225	11.31
210	171	10.63
155	105	10.16
34	32	8.78
0	0	7.80
0	0	6.89
0	0	6.52
0	0	6.60
0	0	5.77
0	0	5.52
0	0	5.51
0	0	5.06
0	0	5.32
0	0	4.92
0	0	4.38
13	12	4.22
102	82	4.24
161	145	5.07
342	192	6.15
531	155	6.59
471	262	7.73
234	219	8.76
453	280	8.86
458	239	9.37
170	159	8.75
209	173	8.28
93	87	8.01
60	38	7.24
0	0	6.49
0	0	5.82
0	0	5.14
0	0	4.79
0	0	4.74
0	0	4.34
0	0	4.24
0	0	4.24
0	0	4.09
0	0	4.03
0	0	3.73
18	15	3.99
135	80	5.13
254	138	6.08
382	175	6.80
440	228	7.94
348	286	9.14
329	294	9.98
386	294	10.88
196	185	11.49
188	175	11.94
210	174	12.00
104	96	11.35
9	9	10.73
0	0	10.03
0	0	9.57
0	0	9.05
0	0	9.41
0	0	9.89
0	0	9.70
0	0	9.17
0	0	9.98
0	0	9.65
0	0	10.04
0	0	10.03
9	9	9.60
90	83	9.75
81	77	10.30
337	201	10.70
376	255	12.06
383	289	12.88
378	302	13.47
372	296	14.33
180	170	15.45
269	229	15.07
136	127	14.56
88	82	13.01
27	26	12.51
0	0	11.25
0	0	11.15
0	0	10.83
0	0	10.73
0	0	10.55
0	0	13.19
0	0	12.52
0	0	11.92
0	0	11.36
0	0	10.91
0	0	11.19
25	20	10.93
114	90	12.01
246	149	12.62
402	171	13.75
488	208	14.68
608	178	15.65
598	219	16.12
449	289	16.61
415	265	16.71
432	188	16.74
242	179	16.56
158	114	15.75
60	45	14.59
0	0	12.45
0	0	11.12
0	0	10.51
0	0	10.10
0	0	9.15
0	0	8.70
0	0	8.36
0	0	7.64
0	0	7.31
0	0	7.06
0	0	6.98
39	20	7.28
155	84	8.08
257	149	9.55
437	149	10.88
476	220	12.98
593	198	13.96
637	189	14.48
694	123	14.96
583	161	15.29
489	146	14.48
365	122	14.29
146	117	13.11
23	22	12.11
0	0	10.47
0	0	9.59
0	0	8.33
0	0	7.78
0	0	6.28
0	0	5.96
0	0	5.09
0	0	5.03
0	0	4.94
0	0	4.63
0	0	4.22
29	25	4.93
60	57	5.82
185	160	7.36
287	220	9.09
466	230	10.58
461	282	11.76
586	237	12.76
524	265	12.95
268	247	13.32
233	214	13.12
116	110	12.67
59	57	12.32
71	48	11.21
0	0	10.48
0	0	9.89
0	0	10.08
0	0	10.27
0	0	10.22
0	0	10.32
0	0	10.31
0	0	10.13
0	0	9.32
0	0	9.09
0	0	9.38
53	21	9.42
189	73	10.02
317	123	11.01
443	155	12.12
510	206	13.63
576	222	14.42
532	275	15.72
529	266	16.51
444	264	17.28
380	226	17.29
295	174	16.27
246	79	16.07
71	51	15.08
0	0	13.40
0	0	13.27
0	0	12.03
0	0	11.12
0	0	10.87
0	0	10.27
0	0	9.68
0	0	9.85
0	0	9.23
0	0	8.80
0	0	8.21
32	29	8.28
107	97	8.81
188	164	10.36
249	220	11.67
392	266	13.00
412	299	14.31
546	272	15.02
622	202	15.49
589	170	15.04
456	187	14.38
246	186	13.34
143	121	12.26
71	53	11.34
0	0	10.16
0	0	8.69
0	0	8.07
0	0	6.67
0	0	5.69
0	0	4.99
0	0	5.38
0	0	5.52
0	0	5.53
0	0	5.40
0	0	5.54
32	30	5.82
32	31	6.51
243	167	6.85
294	227	7.50
313	269	7.50
427	299	7.73
238	223	8.07
164	157	7.83
61	60	7.83
158	149	7.94
91	88	7.52
67	64	7.50
31	30	7.57
0	0	7.84
0	0	7.11
0	0	7.06
0	0	6.99
0	0	6.99
0	0	6.27
0	0	6.04
0	0	6.14
0	0	5.65
0	0	5.27
0	0	5.70
31	29	5.90
83	78	6.18
149	138	6.99
292	229	7.90
280	257	8.90
413	303	9.75
418	316	11.17
478	297	11.02
315	280	11.53
370	237	11.58
228	189	11.53
157	126	11.90
56	51	11.47
0	0	10.53
0	0	10.08
0	0	9.50
0	0	8.43
0	0	7.73
0	0	8.50
0	0	8.42
0	0	8.48
0	0	8.74
0	0	9.01
0	0	8.78
42	37	9.41
140	108	9.98
212	173	11.44
381	214	12.70
282	258	13.69
379	306	14.81
661	197	15.73
650	190	15.85
574	198	16.37
423	218	16.69
240	192	16.66
112	104	16.01
58	53	15.31
0	0	14.79
0	0	14.08
0	0	13.45
0	0	13.09
0	0	12.35
0	0	11.97
0	0	11.49
0	0	11.54
0	0	11.18
0	0	10.86
0	0	10.86
46	40	10.19
87	81	10.40
219	176	11.15
306	234	11.99
469	252	13.01
545	264	13.44
383	318	14.25
353	309	13.62
525	239	14.03
328	248	13.25
198	181	12.60
114	106	12.09
92	59	11.39
0	0	10.40
0	0	9.30
0	0	8.09
0	0	7.49
0	0	6.52
0	0	6.41
0	0	6.45
0	0	6.48
0	0	6.59
0	0	6.88
0	0	6.23
92	25	6.66
137	112	7.53
315	154	7.83
278	234	9.01
206	193	10.06
350	306	11.79
321	294	12.41
460	309	12.52
423	285	12.84
427	222	13.46
224	193	13.74
160	131	13.19
62	57	12.29
0	0	11.40
0	0	11.45
0	0	11.18
0	0	10.92
0	0	10.13
0	0	9.57
0	0	9.05
0	0	8.15
0	0	8.04
0	0	7.52
0	0	7.41
70	44	7.49
170	113	7.88
341	141	8.78
482	159	9.80
522	229	11.75
592	241	13.50
669	204	13.92
583	257	14.62
548	230	14.44
432	223	13.98
383	145	13.45
204	128	12.91
88	64	11.63
0	0	10.90
0	0	9.98
0	0	9.15
0	0	7.95
0	0	7.59
0	0	6.88
0	0	6.55
0	0	6.45
0	0	5.89
0	0	5.72
0	0	6.33
62	48	6.26
141	117	6.60
328	155	7.26
399	220	7.91
522	233	8.94
564	264	9.86
563	286	11.08
467	312	11.81
431	288	12.07
483	194	12.01
242	198	11.20
194	133	9.69
76	65	9.14
0	0	8.02
0	0	7.36
0	0	6.17
0	0	5.27
0	0	4.97
0	0	4.20
0	0	3.97
0	0	3.52
0	0	2.49
0	0	2.67
0	0	3.38
39	37	3.75
201	109	4.34
315	166	5.54
467	182	7.16
596	177	8.48
609	236	9.73
566	288	10.87
486	310	12.27
545	240	12.29
539	148	12.85
367	164	12.52
223	127	11.74
93	68	10.94
0	0	9.36
0	0	8.89
0	0	8.53
0	0	7.65
0	0	6.57
0	0	6.16
0	0	5.38
0	0	5.04
0	0	4.25
0	0	4.08
0	0	3.66
69	53	3.59
146	122	4.30
235	187	5.31
461	191	6.87
597	182	8.57
786	139	10.07
717	169	11.01
641	225	11.65
682	121	11.62
506	183	11.72
326	189	10.76
228	128	9.93
84	70	9.12
0	0	8.08
0	0	7.42
0	0	5.99
0	0	5.53
0	0	4.49
0	0	3.71
0	0	3.65
0	0	2.66
0	0	2.34
0	0	2.33
0	0	2.19
55	50	2.52
148	124	3.52
216	187	4.62
280	243	6.12
382	291	7.27
470	313	8.17
483	324	8.97
531	299	9.32
409	297	9.04
294	255	9.54
426	124	9.63
282	95	9.33
113	68	8.41
8	5	8.13
0	0	7.92
0	0	7.64
0	0	6.86
0	0	6.67
0	0	6.83
0	0	6.73
0	0	6.52
0	0	6.99
0	0	7.03
0	0	7.17
98	52	7.38
146	125	8.85
192	176	9.82
310	248	11.40
408	290	12.78
468	315	13.89
524	315	15.30
510	309	16.15
407	299	16.61
421	241	16.95
391	158	17.20
308	74	17.11
113	71	16.62
11	7	15.79
0	0	15.45
0	0	14.35
0	0	13.52
0	0	12.91
0	0	12.73
0	0	12.56
0	0	12.61
0	0	12.23
0	0	13.06
0	0	13.14
76	60	13.54
176	128	13.95
201	184	14.56
251	231	15.43
275	254	16.00
281	261	16.44
412	333	17.08
148	143	17.78
414	300	18.66
433	239	18.58
256	207	18.57
231	134	18.12
72	66	17.73
11	9	17.59
0	0	17.97
0	0	17.79
0	0	17.37
0	0	17.45
0	0	17.51
0	0	17.56
0	0	17.19
0	0	16.73
0	0	16.38
0	0	16.17
28	27	15.86
69	66	15.35
96	92	15.37
335	252	16.67
515	259	17.28
450	322	18.38
295	274	19.06
400	327	19.58
406	303	20.24
206	193	20.65
166	155	20.28
129	120	19.21
59	55	19.18
5	4	18.60
0	0	17.89
0	0	17.42
0	0	16.42
0	0	16.35
0	0	15.59
0	0	15.48
0	0	14.89
0	0	14.27
0	0	13.81
0	0	13.24
32	31	12.67
154	132	12.64
242	198	13.28
280	249	13.95
357	297	14.16
488	317	14.66
416	336	14.65
256	240	15.07
135	130	14.10
252	232	13.79
124	118	12.81
71	68	12.14
53	50	11.39
7	7	10.31
0	0	9.15
0	0	8.75
0	0	8.12
0	0	7.43
0	0	6.75
0	0	6.30
0	0	5.99
0	0	6.59
0	0	6.90
0	0	6.72
38	36	6.52
196	133	7.63
262	200	9.07
248	228	10.89
497	274	11.87
532	305	12.95
446	338	13.74
474	327	14.41
498	285	14.80
190	179	14.41
293	211	14.09
112	105	13.70
73	68	12.72
10	9	12.24
0	0	11.94
0	0	11.57
0	0	10.87
0	0	10.50
0	0	9.99
0	0	9.10
0	0	8.66
0	0	8.12
0	0	7.84
0	0	6.90
92	69	6.78
200	135	7.43
345	180	7.71
277	251	8.30
452	293	8.68
624	255	9.83
507	331	10.03
636	254	9.47
361	306	9.30
144	137	8.71
93	89	9.14
107	101	7.86
113	82	6.64
21	16	4.96
0	0	4.29
0	0	3.53
0	0	2.77
0	0	2.05
0	0	1.61
0	0	1.49
0	0	1.20
0	0	1.17
0	0	0.29
8	6	0.58
98	71	0.83
263	110	1.18
291	202	1.47
413	245	2.17
509	275	3.47
368	325	5.12
486	338	6.10
325	299	6.59
393	309	7.20
299	264	8.33
336	205	8.77
253	139	8.02
92	82	7.60
19	17	6.82
0	0	6.28
0	0	6.09
0	0	5.46
0	0	5.15
0	0	5.58
0	0	5.71
0	0	5.41
0	0	5.56
0	0	5.86
12	8	5.85
105	73	5.77
177	142	6.32
345	187	7.96
515	187	9.04
567	243	10.54
786	139	11.22
700	224	12.52
609	278	12.74
564	258	13.28
532	193	13.18
380	188	12.98
162	148	13.03
53	51	12.51
4	4	11.26
0	0	10.83
0	0	10.38
0	0	10.22
0	0	9.21
0	0	8.21
0	0	8.04
0	0	7.52
0	0	7.86
0	0	7.77
13	10	8.24
120	71	8.88
245	128	9.66
352	187	10.73
414	250	12.06
574	242	13.27
610	275	15.39
638	278	16.21
618	275	16.85
566	259	16.84
548	183	17.60
273	218	17.24
213	154	16.52
84	77	15.40
22	20	13.72
0	0	12.17
0	0	11.88
0	0	11.07
0	0	10.41
0	0	10.46
0	0	10.13
0	0	9.91
0	0	9.14
0	0	9.32
13	12	9.01
52	49	9.02
213	143	9.06
397	162	10.14
451	237	11.01
454	301	12.07
498	327	13.27
505	339	13.49
333	306	14.37
293	270	14.43
420	262	14.55
266	219	13.98
212	156	13.52
61	57	12.66
16	15	11.50
0	0	10.62
0	0	9.98
0	0	9.31
0	0	9.33
0	0	9.09
0	0	8.97
0	0	8.69
0	0	8.40
0	0	8.34
13	12	8.79
88	78	8.51
276	117	8.84
382	176	10.30
437	246	11.40
493	291	12.86
582	297	14.38
609	301	15.59
543	320	15.88
572	261	16.73
344	274	16.30
318	218	16.11
235	154	15.22
130	90	14.07
42	21	12.74
0	0	12.04
0	0	11.61
0	0	10.67
0	0	10.42
0	0	9.87
0	0	10.08
0	0	10.38
0	0	10.67
0	0	11.18
7	7	11.01
27	27	11.01
143	132	11.14
28	27	11.69
91	88	12.29
226	212	12.67
247	232	12.88
234	221	13.54
313	290	13.91
158	152	14.15
228	212	14.64
201	186	14.26
184	158	13.93
70	66	13.53
20	19	13.00
0	0	13.46
0	0	12.70
0	0	12.68
0	0	12.44
0	0	12.11
0	0	11.52
0	0	11.20
0	0	10.60
0	0	10.56
9	9	10.97
51	48	10.81
149	137	10.63
191	177	10.43
179	170	11.40
324	296	12.28
335	308	12.67
405	346	13.15
450	342	12.91
467	311	13.04
250	231	12.84
255	221	11.56
259	151	11.36
62	58	10.35
5	5	9.86
0	0	9.42
0	0	8.58
0	0	8.08
0	0	7.88
0	0	7.32
0	0	7.30
0	0	7.20
0	0	6.88
0	0	6.68
18	17	6.05
109	86	6.16
299	112	6.25
485	97	7.21
633	112	9.07
701	142	10.75
732	187	12.97
752	195	14.43
683	240	15.33
672	187	16.36
566	183	15.84
412	184	15.65
285	141	15.03
150	91	13.42
42	29	12.14
0	0	11.72
0	0	10.98
0	0	10.53
0	0	9.97
0	0	9.24
0	0	8.95
0	0	9.02
0	0	8.46
0	0	8.06
24	21	8.07
154	75	8.54
285	126	9.16
408	173	10.61
505	220	11.88
696	153	13.26
728	195	14.52
761	188	16.35
663	260	17.11
566	275	17.33
470	253	17.72
395	197	17.06
248	159	15.87
128	97	14.48
54	27	13.07
0	0	12.60
0	0	12.41
0	0	12.51
0	0	12.27
0	0	15.17
0	0	14.10
0	0	13.84
0	0	13.41
0	0	12.79
15	15	12.80
79	73	12.59
142	131	13.45
271	219	14.06
290	265	15.25
224	211	16.28
465	343	17.11
339	312	17.88
215	204	18.80
324	297	19.15
502	238	19.12
312	227	19.84
220	165	19.02
88	81	18.18
33	31	17.04
0	0	16.38
0	0	15.77
0	0	15.21
0	0	14.23
0	0	14.08
0	0	14.04
0	0	13.74
0	0	13.21
0	0	13.13
29	25	12.51
90	83	12.59
172	155	13.14
224	206	14.38
356	276	15.59
372	315	16.68
427	344	17.08
527	346	18.19
696	238	18.74
591	263	19.16
550	206	19.88
323	227	19.40
268	157	18.79
135	100	16.74
30	28	15.73
0	0	15.05
0	0	14.14
0	0	12.95
0	0	12.00
0	0	11.14
0	0	10.95
0	0	10.94
0	0	10.53
0	0	9.87
39	27	10.63
121	93	11.00
280	139	11.92
258	221	13.30
340	277	14.58
517	297	16.07
698	234	16.76
605	319	17.15
623	295	17.93
593	265	18.12
408	279	18.95
399	202	18.68
250	164	18.63
123	102	16.77
55	34	15.73
0	0	15.07
0	0	14.11
0	0	12.90
0	0	12.28
0	0	12.02
0	0	11.47
0	0	10.75
0	0	10.79
0	0	10.61
37	29	10.40
126	95	10.72
237	158	11.21
379	202	12.85
578	173	14.62
730	129	16.03
660	267	17.10
591	327	18.07
619	299	18.45
594	266	18.45
487	253	17.66
358	222	17.72
154	142	17.58
142	103	16.54
41	36	14.85
0	0	13.18
0	0	11.35
0	0	11.04
0	0	10.31
0	0	9.10
0	0	8.43
0	0	8.69
0	0	8.53
0	0	8.96
35	30	9.25
92	85	9.55
218	163	9.68
419	181	10.93
242	225	12.07
489	311	13.01
514	341	13.57
768	198	14.83
684	256	15.35
209	198	15.86
92	90	15.99
146	139	16.43
205	170	15.65
97	89	14.75
3	3	13.77
0	0	13.26
0	0	12.18
0	0	11.53
0	0	10.92
0	0	9.93
0	0	9.67
0	0	9.98
0	0	10.03
0	0	9.85
53	30	9.92
96	88	10.08
178	160	11.17
364	213	12.14
466	258	13.79
519	302	14.46
550	332	15.76
382	349	16.78
480	350	17.92
555	293	18.53
652	116	18.61
309	234	19.03
142	132	17.89
97	90	16.85
35	32	15.52
0	0	15.32
0	0	13.71
0	0	12.83
0	0	12.15
0	0	11.17
0	0	10.69
0	0	9.96
0	0	9.90
0	0	10.64
23	22	11.33
115	99	11.45
265	156	12.38
246	223	14.04
386	281	14.97
376	321	15.92
469	350	16.63
599	329	16.91
705	244	16.98
491	319	16.79
413	284	17.34
376	221	16.96
188	169	15.91
133	108	14.41
36	34	13.53
0	0	12.97
0	0	12.13
0	0	11.77
0	0	10.86
0	0	10.60
0	0	9.68
0	0	9.61
0	0	9.56
0	0	9.95
8	8	10.19
95	88	10.20
99	94	11.06
181	170	12.03
233	218	11.51
207	197	12.43
225	213	12.74
354	326	12.78
186	178	12.75
61	60	12.92
157	150	12.71
105	102	13.39
177	162	13.12
125	108	13.00
36	33	13.41
0	0	13.05
0	0	12.92
0	0	12.28
0	0	12.41
0	0	12.98
0	0	12.54
0	0	12.94
0	0	12.79
0	0	12.90
45	37	12.39
54	52	12.64
277	156	12.48
339	227	13.90
307	277	14.64
434	326	15.64
379	343	16.41
215	205	17.11
284	265	17.38
325	299	17.17
342	288	17.37
304	238	17.18
134	125	16.66
86	81	16.17
55	45	15.96
0	0	15.20
0	0	14.88
0	0	14.62
0	0	14.48
0	0	14.75
0	0	13.90
0	0	12.97
0	0	12.95
0	0	12.60
40	36	12.63
183	90	12.30
286	155	13.16
446	176	14.60
564	204	16.08
620	253	18.28
686	262	18.90
727	250	19.56
726	232	20.03
657	233	19.92
601	184	19.68
423	205	18.67
327	145	17.29
181	105	16.05
60	47	14.79
0	0	13.20
0	0	11.78
0	0	10.01
0	0	8.69
0	0	7.94
0	0	7.55
0	0	7.24
0	0	7.23
0	0	6.83
82	27	7.01
181	94	7.82
236	171	9.11
344	229	10.83
535	229	12.87
627	250	14.80
694	257	15.91
798	183	16.75
708	250	17.26
684	211	18.01
558	223	18.21
434	200	18.01
266	175	17.70
195	101	15.84
81	44	14.55
0	0	13.01
0	0	12.52
0	0	11.95
0	0	11.03
0	0	10.80
0	0	10.02
0	0	9.95
0	0	10.13
0	0	9.89
31	29	10.04
122	106	10.47
237	172	11.17
343	230	12.67
542	226	14.26
667	219	15.70
616	312	16.59
698	278	16.91
500	355	17.73
440	333	17.18
441	285	17.22
338	239	16.70
309	160	15.68
222	86	15.04
70	49	13.05
0	0	11.79
0	0	11.06
0	0	10.43
0	0	10.47
0	0	9.86
0	0	9.75
0	0	9.38
0	0	8.55
0	0	9.11
28	27	8.52
97	90	8.33
209	174	8.59
250	228	9.52
395	288	10.80
321	295	11.96
391	349	12.39
549	356	13.29
635	307	13.82
471	331	14.16
450	284	14.40
353	238	14.35
250	181	13.68
187	109	13.09
43	40	11.99
0	0	10.74
0	0	10.20
0	0	9.19
0	0	8.81
0	0	8.32
0	0	7.75
0	0	7.68
0	0	7.54
0	0	7.07
48	44	7.32
186	99	8.25
308	152	9.41
394	217	11.22
543	229	12.77
576	290	14.62
688	269	15.54
593	343	16.24
631	311	16.55
656	242	16.70
462	281	16.44
414	218	16.51
313	162	16.08
189	110	15.48
98	41	14.47
0	0	13.79
0	0	12.88
0	0	11.75
0	0	11.29
0	0	11.41
0	0	11.36
0	0	11.59
0	0	11.99
0	0	11.37
70	45	11.81
151	111	12.13
248	175	12.75
398	216	14.26
548	228	16.19
609	271	17.93
651	297	19.10
655	313	19.94
647	302	20.09
664	238	20.59
481	276	20.79
356	240	20.66
305	168	19.51
186	113	18.27
85	51	16.18
0	0	15.49
0	0	15.45
0	0	14.17
0	0	13.35
0	0	12.48
0	0	12.04
0	0	11.31
0	0	11.07
0	0	11.06
93	35	11.32
181	105	11.98
203	176	12.78
373	228	14.70
492	263	16.46
598	280	18.26
730	237	19.75
672	304	20.49
682	281	21.62
502	328	22.32
442	290	22.98
490	170	23.02
411	87	23.21
157	120	22.13
30	29	21.70
0	0	20.96
0	0	19.48
0	0	18.10
0	0	17.82
0	0	16.92
0	0	16.72
0	0	17.14
0	0	16.70
0	0	16.91
35	33	18.24
91	85	17.97
308	158	19.06
317	240	19.86
469	275	20.43
395	332	21.73
336	310	22.30
633	328	22.20
787	187	22.23
480	334	22.52
292	268	23.19
214	199	23.87
144	135	23.75
33	32	22.67
57	52	21.53
0	0	20.40
0	0	19.51
0	0	18.51
0	0	17.42
0	0	16.35
0	0	15.88
0	0	15.21
0	0	15.29
0	0	15.38
24	23	15.47
50	48	16.06
92	88	16.66
302	241	17.26
457	281	18.57
292	271	19.10
351	323	19.91
180	173	20.03
194	185	19.41
306	283	19.40
156	150	19.14
245	225	18.80
275	184	18.77
164	122	18.17
82	57	17.93
0	0	17.18
0	0	16.73
0	0	16.12
0	0	15.15
0	0	14.68
0	0	14.69
0	0	14.40
0	0	14.86
0	0	14.16
46	43	13.78
83	78	14.21
49	48	14.33
102	98	14.79
265	246	15.36
323	298	16.18
272	255	16.37
337	312	16.61
591	337	17.14
441	339	17.20
237	221	18.42
173	163	18.50
137	129	17.74
77	73	17.35
76	59	16.19
0	0	15.96
0	0	15.09
0	0	14.27
0	0	13.91
0	0	13.34
0	0	12.45
0	0	12.29
0	0	12.05
0	0	11.95
97	42	11.96
219	93	12.66
169	156	13.53
333	242	15.05
540	242	16.07
570	301	17.52
575	342	18.35
546	364	18.81
572	346	19.45
538	321	20.37
542	252	20.82
523	150	20.25
350	153	19.71
123	113	18.83
60	55	17.07
0	0	15.99
0	0	14.72
0	0	13.76
0	0	12.93
0	0	12.32
0	0	11.98
0	0	12.01
0	0	11.50
0	0	11.57
45	42	11.90
130	116	11.69
84	81	12.02
292	242	12.84
200	189	14.33
304	282	14.90
302	281	14.57
354	326	14.39
329	305	14.51
166	159	14.81
248	232	15.26
126	120	15.04
146	136	14.26
90	84	13.84
44	42	13.21
3	3	13.44
0	0	13.33
0	0	12.68
0	0	12.17
0	0	12.67
0	0	12.27
0	0	11.93
0	0	11.68
0	0	11.03
18	17	11.45
141	118	12.40
201	180	12.68
284	242	13.63
327	291	15.35
315	291	15.67
339	313	16.33
358	330	16.72
548	355	16.88
679	238	16.88
541	256	17.00
371	246	17.04
130	123	16.74
129	119	16.10
67	61	15.52
7	5	14.07
0	0	13.14
0	0	11.96
0	0	10.69
0	0	10.50
0	0	9.91
0	0	9.82
0	0	9.72
0	0	9.62
41	38	9.31
124	113	9.17
149	139	10.11
316	245	11.15
554	237	12.15
340	312	13.40
592	338	14.18
295	276	15.22
458	366	15.83
387	337	15.99
441	298	16.55
290	250	16.78
200	183	16.54
139	125	15.66
114	55	14.75
8	6	13.99
0	0	13.14
0	0	12.12
0	0	12.14
0	0	12.10
0	0	11.74
0	0	11.47
0	0	11.40
0	0	11.18
69	57	11.08
218	101	11.36
267	182	11.86
399	229	12.96
514	263	14.65
631	270	16.27
714	264	17.98
702	294	18.47
706	275	18.70
583	307	18.72
579	233	18.42
398	241	18.35
302	185	17.45
231	109	15.95
106	61	14.65
13	7	13.72
0	0	12.41
0	0	11.57
0	0	10.94
0	0	10.79
0	0	9.93
0	0	9.56
0	0	9.13
0	0	9.50
29	28	9.52
137	120	9.67
281	180	10.03
164	155	11.22
254	236	11.94
201	192	12.98
629	322	14.24
649	329	14.95
587	345	15.51
659	260	15.73
507	278	15.70
356	252	15.48
157	147	15.64
87	82	15.00
23	22	14.08
2	2	13.63
0	0	12.63
0	0	12.00
0	0	11.19
0	0	11.13
0	0	11.17
0	0	11.32
0	0	11.21
0	0	11.04
54	50	11.37
112	104	11.17
209	184	12.26
388	235	14.12
598	207	15.83
695	220	16.42
512	362	17.41
441	372	17.65
403	360	17.80
602	299	18.78
547	258	19.14
345	254	19.43
115	110	19.43
101	95	19.31
27	26	19.28
7	7	18.38
0	0	17.07
0	0	16.21
0	0	15.34
0	0	14.95
0	0	14.07
0	0	13.58
0	0	13.49
0	0	13.24
85	59	13.23
211	109	13.79
346	151	14.94
422	221	16.98
631	177	18.70
737	180	20.61
710	270	21.75
717	286	22.11
815	176	23.04
611	295	23.96
488	288	24.00
485	198	23.86
358	162	23.50
176	132	21.71
86	68	19.72
12	10	18.44
0	0	17.37
0	0	16.07
0	0	15.09
0	0	13.95
0	0	14.02
0	0	13.67
0	0	12.93
8	4	12.87
80	60	12.68
211	111	13.02
303	176	13.91
436	215	15.70
510	269	17.36
722	196	19.38
811	174	20.20
775	239	20.92
756	238	21.56
575	315	22.42
549	259	22.89
433	231	22.90
319	184	22.29
200	130	20.65
96	69	19.59
10	9	18.47
0	0	17.63
0	0	16.53
0	0	16.05
0	0	16.19
0	0	15.61
0	0	14.74
0	0	15.04
8	5	15.36
42	40	14.93
106	98	15.09
278	184	16.15
273	244	17.57
362	300	19.53
421	340	20.58
501	365	22.01
700	301	23.11
676	303	23.89
541	329	23.83
649	181	24.11
351	256	24.18
271	197	23.27
241	113	22.63
77	69	21.28
14	12	20.28
0	0	18.81
0	0	17.85
0	0	17.40
0	0	17.05
0	0	16.54
0	0	16.34
0	0	16.15
7	6	16.15
108	54	16.42
263	74	16.52
240	189	17.12
451	208	17.98
352	299	18.83
492	336	20.27
475	367	21.45
568	366	22.23
525	366	22.53
443	346	23.21
480	294	23.61
178	168	23.26
149	140	22.86
113	105	21.81
85	71	20.56
7	7	19.59
0	0	18.93
0	0	18.37
0	0	17.56
0	0	16.91
0	0	16.19
0	0	15.11
0	0	14.79
8	6	14.26
50	47	15.52
144	124	15.42
250	190	16.27
219	203	16.99
361	300	17.88
403	339	18.68
488	367	18.97
493	377	19.16
512	368	19.73
506	340	19.63
425	307	19.39
258	237	19.20
230	198	18.36
115	107	17.40
76	69	16.63
9	8	14.99
0	0	14.09
0	0	13.59
0	0	12.69
0	0	11.15
0	0	11.41
0	0	10.92
0	0	11.11
9	7	11.06
74	63	11.38
172	126	11.92
291	183	12.42
290	248	13.19
393	302	14.54
381	336	15.59
535	361	16.08
584	362	16.82
442	369	17.29
347	319	17.90
375	308	18.30
337	259	17.71
190	176	17.37
84	79	16.94
42	40	16.29
14	13	15.22
0	0	14.32
0	0	13.41
0	0	12.61
0	0	11.56
0	0	11.51
0	0	11.73
0	0	11.52
11	7	11.86
83	64	11.77
120	110	12.26
243	191	13.38
155	147	14.55
309	283	16.00
470	341	17.13
589	346	17.95
486	378	18.44
671	309	18.46
555	327	19.55
529	276	19.65
309	258	19.79
317	191	19.76
286	86	19.29
38	36	17.98
2	2	17.71
0	0	17.04
0	0	16.34
0	0	15.63
0	0	14.98
0	0	14.58
0	0	13.85
0	0	13.19
11	8	13.24
74	63	12.87
185	125	12.64
309	178	13.64
457	207	14.97
609	206	17.01
694	229	18.74
758	236	19.83
807	213	20.70
786	216	20.84
709	229	21.83
622	213	22.19
577	124	22.27
394	147	21.70
227	128	20.77
121	70	19.20
26	16	17.29
0	0	16.56
0	0	14.62
0	0	13.35
0	0	11.99
0	0	11.11
0	0	10.44
0	0	9.75
15	7	10.10
56	52	9.81
167	128	10.16
408	108	11.32
520	157	13.51
616	200	15.61
680	242	17.18
776	219	19.27
769	251	19.60
790	213	20.18
723	217	20.02
659	179	20.42
483	211	20.40
378	161	20.09
265	107	18.92
119	72	17.58
29	17	16.28
0	0	14.94
0	0	13.47
0	0	12.36
0	0	11.95
0	0	11.29
0	0	11.01
0	0	10.77
15	8	11.08
73	64	10.73
81	77	11.23
332	168	12.20
473	197	13.63
320	292	14.79
481	340	15.99
435	367	16.03
625	348	16.74
526	368	16.69
368	336	17.06
338	304	17.45
353	261	17.18
384	158	16.78
176	140	15.22
91	76	14.60
24	19	13.98
0	0	13.48
0	0	12.70
0	0	11.47
0	0	10.96
0	0	10.18
0	0	10.06
0	0	10.16
13	9	11.16
72	64	10.68
176	128	10.96
318	176	11.81
395	239	13.64
517	271	15.56
665	255	17.14
695	290	17.89
796	227	18.60
776	228	19.22
779	160	19.41
677	164	20.49
426	244	19.54
284	202	18.69
225	133	17.61
115	76	16.36
27	19	15.20
0	0	14.64
0	0	13.16
0	0	11.48
0	0	10.44
0	0	9.70
0	0	9.97
0	0	9.81
18	8	10.78
112	59	10.15
224	112	10.55
317	176	11.20
405	236	13.16
659	158	15.23
806	143	16.96
758	237	17.45
719	294	18.30
606	347	18.76
724	220	18.61
561	263	18.45
462	227	18.63
365	174	18.49
260	115	17.78
134	69	15.76
27	20	14.25
0	0	13.24
0	0	12.74
0	0	11.28
0	0	10.42
0	0	9.64
0	0	9.63
0	0	9.88
15	10	10.51
85	66	9.84
130	119	10.70
305	182	11.90
467	202	13.00
487	285	14.76
494	339	15.79
666	310	17.02
562	371	17.43
671	313	17.70
539	337	17.45
452	308	17.91
300	260	18.36
393	156	17.42
257	118	16.31
117	77	15.26
28	21	14.67
0	0	14.02
0	0	12.38
0	0	11.65
0	0	10.76
0	0	10.26
0	0	9.92
0	0	9.62
18	9	10.29
103	64	10.17
168	129	10.69
366	148	12.06
460	208	14.04
670	148	15.78
643	273	16.88
670	307	17.50
724	291	18.44
658	322	18.82
642	287	19.09
580	252	19.35
536	174	20.16
390	159	19.80
171	142	18.82
122	76	17.87
33	20	16.38
0	0	15.32
0	0	14.38
0	0	13.16
0	0	12.14
0	0	11.90
0	0	11.73
0	0	11.30
16	11	11.64
71	65	11.73
117	108	12.08
307	181	12.51
337	252	14.49
586	227	16.33
607	296	17.25
646	322	18.23
452	378	18.95
603	349	19.09
589	318	19.89
514	289	19.88
450	236	19.38
397	154	18.77
146	134	18.61
47	45	18.20
12	11	17.10
0	0	17.16
0	0	15.80
0	0	15.42
0	0	14.76
0	0	14.35
0	0	13.97
0	0	14.08
13	11	15.43
95	66	15.32
235	107	15.39
262	192	16.36
385	243	18.29
425	301	19.36
518	334	21.22
658	316	21.79
807	218	22.68
701	294	22.91
539	338	23.03
420	313	22.81
251	232	22.94
304	202	22.04
110	103	21.13
54	51	20.43
27	22	19.28
0	0	18.93
0	0	18.06
0	0	17.26
0	0	16.73
0	0	16.25
0	0	15.06
0	0	15.01
2	2	14.64
67	62	15.38
147	128	16.41
265	192	17.78
477	196	19.52
554	251	20.86
680	245	22.23
664	312	23.24
847	176	23.68
708	290	24.20
762	185	24.75
511	292	25.11
454	235	24.86
295	204	24.11
220	139	23.89
87	79	23.21
24	22	21.93
0	0	20.93
0	0	20.09
0	0	19.15
0	0	18.51
0	0	17.63
0	0	17.24
0	0	17.51
15	11	17.97
69	63	17.69
109	102	17.69
257	193	18.59
195	183	19.39
568	241	21.27
693	233	22.43
505	369	23.08
489	380	23.32
572	361	23.47
570	328	23.69
332	303	23.28
201	189	23.02
249	206	23.56
222	139	23.39
98	81	22.40
18	17	21.81
0	0	21.12
0	0	20.24
0	0	19.40
0	0	18.95
0	0	18.22
0	0	18.04
0	0	17.89
5	5	17.98
66	61	17.47
147	128	16.82
325	174	17.18
366	248	17.75
323	294	19.46
382	338	20.04
247	233	20.37
344	319	20.35
406	365	20.56
417	350	21.23
316	290	21.36
276	253	21.19
252	207	20.58
199	144	19.68
141	73	19.02
21	20	18.09
0	0	16.88
0	0	15.72
0	0	14.84
0	0	13.72
0	0	13.99
0	0	14.59
0	0	14.42
3	3	14.62
30	29	14.54
109	102	14.47
148	139	14.23
158	150	14.00
196	186	14.70
151	146	14.80
248	234	14.80
184	177	15.07
186	178	14.96
170	163	14.31
25	25	14.24
67	66	14.13
61	60	13.74
103	97	13.06
40	38	12.76
11	11	12.28
0	0	12.69
0	0	12.15
0	0	11.78
0	0	11.59
0	0	11.75
0	0	12.06
0	0	11.99
4	4	11.82
32	31	12.18
79	75	12.45
205	187	12.59
332	252	13.60
301	277	14.89
369	335	15.84
197	189	16.21
451	378	16.25
461	374	16.85
61	61	17.25
111	108	17.56
268	246	17.46
181	168	17.39
74	71	16.62
11	11	16.34
6	6	16.36
0	0	15.98
0	0	16.09
0	0	15.92
0	0	16.12
0	0	15.61
0	0	15.35
0	0	14.98
7	7	16.27
68	63	15.99
125	115	16.26
129	122	16.96
168	159	18.08
298	274	19.83
158	152	21.27
437	368	21.74
432	375	21.52
425	370	21.87
365	334	22.05
383	315	22.09
448	241	22.20
239	206	22.23
228	140	21.75
40	38	21.55
18	17	20.93
0	0	20.71
0	0	20.24
0	0	19.32
0	0	18.89
0	0	18.12
0	0	17.84
0	0	17.45
8	7	18.55
67	62	19.16
210	120	19.92
371	144	20.84
384	243	22.54
365	302	23.54
585	307	25.30
655	317	25.94
756	267	26.17
628	340	26.25
479	351	26.81
521	290	27.42
274	251	27.07
281	209	26.61
216	143	25.91
145	73	24.73
21	19	23.11
0	0	22.50
0	0	20.83
0	0	19.59
0	0	19.12
0	0	18.30
0	0	18.57
0	0	18.06
10	10	18.34
119	57	18.15
212	119	18.72
393	125	19.61
375	245	21.04
579	231	22.65
619	288	24.43
651	319	24.67
545	376	24.98
704	295	24.73
556	334	24.43
551	275	24.71
561	159	24.31
366	182	23.77
181	147	22.82
93	82	21.20
13	13	19.41
0	0	18.33
0	0	16.83
0	0	15.82
0	0	14.92
0	0	14.40
0	0	14.40
0	0	14.29
4	4	14.56
38	36	14.75
209	120	15.19
201	184	15.97
339	251	17.74
457	294	18.84
535	328	20.27
433	367	20.56
564	372	20.78
513	373	21.62
454	353	21.99
381	315	22.16
402	259	22.01
259	209	21.83
150	137	21.67
82	75	20.91
28	25	20.09
0	0	20.13
0	0	19.58
0	0	18.50
0	0	17.84
0	0	17.10
0	0	17.16
0	0	17.01
12	11	17.99
121	55	17.25
202	122	17.53
354	155	18.06
512	165	19.91
587	225	21.53
657	261	23.59
750	246	24.58
675	325	24.97
609	348	25.50
616	307	25.89
603	242	27.31
530	189	27.74
384	172	27.15
295	101	26.21
140	77	24.97
38	25	23.61
0	0	22.84
0	0	21.65
0	0	20.69
0	0	19.46
0	0	18.45
0	0	18.22
0	0	17.86
10	9	18.00
70	64	18.11
192	125	17.89
282	187	18.96
478	192	20.79
570	237	23.03
600	298	24.41
490	369	25.39
690	316	25.73
763	246	26.45
613	309	26.40
564	268	26.16
407	258	25.79
324	201	25.87
215	145	24.75
120	83	23.20
33	26	22.74
0	0	21.53
0	0	20.21
0	0	18.67
0	0	17.85
0	0	17.30
0	0	16.82
0	0	16.34
13	10	16.98
84	66	16.79
221	113	17.24
400	115	18.91
528	147	20.97
546	252	23.15
679	243	24.73
753	242	25.62
826	199	26.03
813	197	26.55
698	249	27.14
649	203	27.91
481	224	27.68
413	151	27.46
241	137	25.57
99	84	23.65
35	26	21.86
0	0	21.06
0	0	19.08
0	0	16.91
0	0	16.06
0	0	16.31
0	0	15.79
0	0	15.62
11	10	15.67
72	64	15.60
179	126	16.03
352	154	16.83
419	227	18.81
453	293	20.22
640	272	21.55
769	227	22.56
685	318	23.00
600	352	23.33
601	315	24.20
635	216	24.76
383	264	25.07
277	210	24.57
187	147	23.67
90	82	22.55
37	26	21.31
0	0	19.80
0	0	18.12
0	0	16.67
0	0	15.83
0	0	14.54
0	0	14.32
0	0	14.19
13	10	14.79
93	64	14.30
228	107	15.14
313	175	16.23
412	230	18.07
591	218	18.91
727	197	21.09
801	193	22.12
766	257	21.77
685	307	22.48
662	277	22.61
506	297	22.38
423	253	22.68
346	193	22.13
194	147	21.26
124	83	20.12
35	26	19.05
0	0	18.37
0	0	17.31
0	0	16.79
0	0	15.84
0	0	15.82
0	0	15.68
0	0	15.37
13	9	15.63
64	59	15.99
102	95	16.09
217	188	16.93
329	249	18.37
501	275	19.71
427	342	20.66
392	358	21.59
651	337	22.48
590	355	22.63
643	290	22.96
437	314	23.45
295	262	23.57
262	210	23.88
94	89	23.85
95	83	22.91
12	11	22.14
0	0	21.74
0	0	20.82
0	0	19.89
0	0	18.86
0	0	18.21
0	0	17.97
0	0	17.91
9	8	18.28
79	64	18.02
108	101	18.76
173	160	19.91
330	249	21.26
475	285	22.45
461	341	23.57
485	368	24.56
607	357	24.94
707	291	25.26
430	352	25.67
586	254	26.39
371	266	27.02
313	205	26.61
214	145	25.75
102	84	25.04
34	26	24.22
0	0	22.53
0	0	21.79
0	0	20.47
0	0	19.69
0	0	19.80
0	0	19.73
0	0	19.44
1	1	19.59
52	49	19.60
136	123	19.72
107	102	20.82
326	248	22.34
437	295	23.54
573	309	24.12
560	356	24.28
494	379	24.55
459	373	24.30
445	352	24.53
370	313	25.01
375	265	25.39
210	193	25.38
97	92	24.67
23	23	24.17
5	5	23.39
0	0	22.60
0	0	21.68
0	0	20.94
0	0	20.34
0	0	19.27
0	0	18.67
0	0	18.77
4	4	18.51
34	32	18.11
112	103	17.88
167	155	18.44
297	247	19.60
331	294	20.14
439	341	21.27
350	323	22.07
360	332	22.81
558	364	23.64
478	351	23.79
184	175	24.39
313	265	24.11
284	209	23.69
66	64	22.78
78	72	22.17
27	25	20.97
0	0	20.48
0	0	19.53
0	0	18.64
0	0	18.24
0	0	18.17
0	0	17.61
0	0	17.53
11	8	17.96
28	27	18.28
47	46	18.84
35	35	19.43
247	227	20.16
396	299	20.54
360	329	20.85
466	368	20.86
526	376	21.01
344	318	21.49
255	240	22.13
322	295	22.80
381	264	22.81
144	135	22.49
242	135	22.17
129	81	21.00
36	25	20.22
0	0	19.83
0	0	19.10
0	0	17.76
0	0	19.82
0	0	18.88
0	0	18.31
0	0	18.12
11	7	18.33
53	49	17.90
136	121	17.95
298	177	19.11
262	239	19.78
513	266	20.91
661	251	22.52
661	308	23.36
643	339	23.62
582	356	23.72
529	341	23.86
393	315	24.22
348	267	24.73
222	203	23.80
160	143	23.21
116	83	21.85
27	24	20.71
0	0	19.99
0	0	19.33
0	0	18.92
0	0	17.90
0	0	17.25
0	0	16.97
0	0	16.51
6	5	16.42
30	29	16.27
60	57	16.89
243	187	17.55
369	240	18.16
225	211	18.32
347	318	19.76
202	193	20.85
327	304	21.11
278	261	21.56
129	126	21.51
201	190	21.48
296	262	21.32
281	209	20.88
171	145	20.36
7	7	18.89
20	19	18.03
0	0	17.89
0	0	17.66
0	0	17.33
0	0	17.00
0	0	16.41
0	0	16.03
0	0	16.30
9	6	16.82
96	57	17.33
169	122	17.46
281	180	18.70
307	246	20.36
430	294	21.87
620	279	23.06
546	357	23.88
694	308	24.66
618	341	25.45
609	309	26.15
514	292	26.09
313	265	26.40
270	209	25.84
237	137	25.02
37	36	24.36
31	24	23.94
0	0	23.07
0	0	22.33
0	0	21.53
0	0	21.25
0	0	20.63
0	0	19.93
0	0	19.21
8	5	19.92
49	46	19.89
161	122	20.32
189	173	21.15
288	244	22.25
479	279	22.60
608	285	23.80
689	287	24.09
814	204	24.53
803	201	24.80
646	285	24.86
284	263	25.59
304	263	26.20
235	205	25.35
140	129	24.81
46	44	23.91
35	24	22.20
0	0	21.45
0	0	20.38
0	0	19.64
0	0	18.78
0	0	18.53
0	0	17.92
0	0	17.59
5	5	17.70
41	39	17.34
140	120	17.18
142	133	17.71
386	232	18.60
514	261	18.97
613	281	19.53
448	365	19.93
393	359	19.80
306	286	19.40
379	342	20.04
225	211	20.12
156	149	20.43
99	95	20.28
37	36	19.77
36	35	19.04
7	7	17.83
0	0	16.62
0	0	15.96
0	0	15.34
0	0	14.87
0	0	14.21
0	0	13.76
0	0	13.30
0	0	13.62
73	58	13.69
108	100	13.94
282	177	14.75
306	244	15.95
515	260	17.56
439	338	18.91
635	320	19.65
486	377	19.73
771	231	20.04
606	308	20.06
498	297	19.92
479	222	20.14
225	203	19.97
180	145	19.13
111	82	18.44
18	17	17.48
0	0	16.65
0	0	15.02
0	0	14.60
0	0	14.22
0	0	13.88
0	0	13.56
0	0	12.92
0	0	13.07
100	50	13.37
206	106	13.83
255	182	15.15
264	238	16.30
583	212	17.79
674	233	19.45
625	324	20.34
626	343	21.02
691	297	21.00
534	337	20.76
463	307	20.79
467	229	21.24
396	158	20.48
218	140	19.75
106	81	18.77
22	20	17.27
0	0	16.40
0	0	15.24
0	0	13.92
0	0	13.32
0	0	12.69
0	0	12.30
0	0	12.50
0	0	13.27
103	47	13.69
126	115	14.44
228	182	15.66
380	231	17.15
557	230	18.59
673	233	19.63
729	251	20.59
663	324	20.97
730	266	21.12
636	289	21.60
591	245	21.79
449	238	21.67
349	187	21.61
208	142	20.92
117	79	19.27
19	18	18.38
0	0	17.15
0	0	16.23
0	0	14.93
0	0	14.63
0	0	14.11
0	0	13.26
0	0	13.69
0	0	14.10
61	55	14.11
156	118	14.24
202	178	15.44
320	242	16.86
561	226	18.33
711	196	19.63
708	268	19.59
443	373	20.09
662	314	20.06
642	284	20.06
524	284	20.89
389	259	20.50
272	207	19.80
192	144	18.91
81	74	18.21
3	3	17.53
0	0	16.31
0	0	15.18
0	0	14.46
0	0	14.07
0	0	13.56
0	0	13.13
0	0	12.40
0	0	12.83
50	46	13.04
63	60	13.48
150	140	14.65
401	220	16.18
442	285	16.84
452	335	17.80
591	338	19.01
685	308	19.71
625	333	20.08
676	258	20.22
581	250	20.50
402	255	20.62
214	196	20.48
166	142	20.04
82	75	19.08
7	7	18.51
0	0	16.86
0	0	15.31
0	0	14.76
0	0	13.76
0	0	13.16
0	0	12.73
0	0	13.02
0	0	13.18
55	50	12.79
187	109	13.24
284	171	14.73
302	240	15.77
586	203	17.16
620	270	18.56
554	350	19.37
641	333	19.48
801	195	19.68
637	285	20.08
470	303	20.42
314	262	20.55
260	205	20.31
189	142	19.45
114	78	18.37
9	9	17.35
0	0	16.62
0	0	15.46
0	0	14.41
0	0	13.45
0	0	12.68
0	0	12.32
0	0	12.36
0	0	12.61
72	53	12.94
142	115	13.74
266	175	15.46
475	169	17.66
536	239	18.97
572	298	20.43
684	282	21.49
758	249	21.70
718	272	22.53
755	182	23.01
580	249	23.89
495	205	23.65
338	188	23.22
193	141	22.73
85	76	21.76
25	19	21.27
0	0	20.52
0	0	19.26
0	0	18.11
0	0	16.94
0	0	16.19
0	0	16.13
0	0	16.00
0	0	16.61
90	46	16.83
202	99	17.40
312	155	18.48
503	141	20.46
521	248	22.32
629	261	23.69
651	303	24.63
721	279	25.18
711	276	25.53
639	282	25.92
556	263	26.51
413	249	26.72
305	199	26.45
211	137	25.82
96	77	24.87
25	18	24.09
0	0	23.36
0	0	22.18
0	0	20.90
0	0	20.60
0	0	19.88
0	0	19.17
0	0	18.68
0	0	18.88
7	7	18.62
89	84	19.09
293	163	20.41
335	236	21.60
563	217	22.95
533	313	24.28
561	345	24.88
647	327	25.47
601	341	25.85
622	292	25.67
648	189	26.35
487	209	26.63
270	203	26.66
235	128	25.06
122	72	23.97
22	17	23.01
0	0	22.61
0	0	21.76
0	0	20.55
0	0	19.99
0	0	18.85
0	0	18.58
0	0	18.46
0	0	19.08
33	31	19.42
158	112	19.98
230	176	21.08
291	237	22.35
410	287	23.82
508	320	24.25
650	301	24.83
684	303	25.16
555	356	26.11
740	193	26.51
578	246	26.83
531	172	26.65
366	170	26.22
134	124	25.73
107	75	24.81
19	16	23.43
0	0	22.75
0	0	21.65
0	0	20.60
0	0	20.09
0	0	19.39
0	0	19.18
0	0	18.94
0	0	19.22
80	45	18.94
136	111	19.67
303	155	20.90
345	232	22.92
477	267	24.91
504	320	26.40
582	335	27.27
658	319	27.55
686	290	27.73
671	255	28.39
577	245	28.51
464	221	28.33
343	181	27.99
145	133	27.24
98	75	25.49
21	16	24.71
0	0	24.13
0	0	22.80
0	0	22.08
0	0	21.17
0	0	20.76
0	0	20.99
0	0	21.03
0	0	21.64
30	29	21.63
85	80	21.90
218	174	23.15
289	235	24.61
289	265	25.74
389	328	26.89
562	342	27.41
738	259	28.06
700	278	28.30
662	261	28.45
433	306	28.97
353	259	28.61
247	201	28.08
209	134	27.98
100	74	27.57
16	14	26.64
0	0	25.63
0	0	24.10
0	0	22.80
0	0	22.18
0	0	21.19
0	0	20.94
0	0	20.99
0	0	21.52
73	44	21.70
166	106	22.48
320	141	23.01
368	223	24.55
383	288	25.74
603	271	27.14
714	249	27.19
591	348	27.12
421	362	26.91
325	300	27.94
290	267	28.43
312	258	28.08
350	175	27.65
263	103	26.89
66	61	26.03
16	14	24.91
0	0	23.46
0	0	22.41
0	0	21.50
0	0	21.20
0	0	20.16
0	0	20.39
0	0	19.90
0	0	19.90
58	45	19.63
186	96	19.28
270	164	19.90
383	216	21.21
525	235	22.80
671	216	24.47
703	256	25.34
721	270	25.68
675	294	25.45
654	264	26.04
450	301	26.28
418	240	26.12
303	193	26.18
205	132	25.42
78	70	24.59
16	13	23.26
0	0	22.79
0	0	21.16
0	0	20.48
0	0	19.74
0	0	19.08
0	0	18.92
0	0	18.93
0	0	19.00
48	43	19.21
173	100	19.43
260	166	19.92
295	233	21.10
277	255	22.56
567	290	23.31
543	345	24.06
276	259	24.67
472	364	24.96
612	291	25.28
512	278	24.72
206	192	24.88
203	186	24.51
200	132	23.49
79	70	21.89
6	6	20.49
0	0	20.05
0	0	19.11
0	0	17.78
0	0	17.11
0	0	16.80
0	0	16.32
0	0	16.47
0	0	17.11
46	42	17.08
133	106	17.23
253	166	18.74
337	228	20.05
303	276	21.23
73	72	22.00
464	356	22.72
539	361	23.01
711	263	23.62
572	311	24.04
147	142	23.85
186	175	23.38
102	97	23.66
98	92	23.12
43	40	22.44
6	6	21.60
0	0	21.02
0	0	19.92
0	0	19.37
0	0	18.91
0	0	18.27
0	0	17.77
0	0	18.31
0	0	18.90
23	22	19.33
141	105	19.48
267	161	19.90
191	178	21.18
254	235	22.76
536	302	23.92
341	314	24.19
375	344	24.54
518	358	24.89
531	326	24.84
416	303	24.30
408	240	23.95
209	191	23.78
184	132	22.91
42	40	22.20
13	9	21.19
0	0	20.82
0	0	19.73
0	0	19.43
0	0	19.22
0	0	19.64
0	0	19.19
0	0	19.28
0	0	19.11
5	5	19.06
15	15	19.45
18	17	19.52
101	97	20.13
39	38	20.85
293	272	20.73
255	240	21.40
245	231	21.13
166	160	21.99
169	162	22.23
136	131	22.21
196	184	22.15
115	109	21.81
72	68	22.60
17	17	22.48
1	1	22.25
0	0	21.99
0	0	22.30
0	0	22.00
0	0	21.97
0	0	21.22
0	0	20.79
0	0	20.82
0	0	20.55
14	13	20.77
127	102	20.47
209	167	20.89
201	187	21.64
218	204	22.58
251	235	23.08
332	307	23.24
322	299	23.96
41	41	23.92
232	219	24.11
348	299	24.19
200	187	24.37
184	169	24.04
46	45	23.58
26	25	22.85
5	5	22.82
0	0	22.88
0	0	22.54
0	0	22.24
0	0	22.55
0	0	22.55
0	0	22.15
0	0	21.32
0	0	21.02
11	11	20.80
89	82	20.64
132	124	21.00
181	170	22.10
296	271	22.96
325	298	23.90
412	350	24.44
204	194	24.61
228	216	24.60
469	336	25.17
544	253	24.86
195	183	24.57
124	117	23.99
124	115	23.71
25	24	23.51
6	5	22.13
0	0	21.30
0	0	20.13
0	0	19.46
0	0	18.36
0	0	17.80
0	0	17.25
0	0	17.20
0	0	17.96
55	35	18.40
123	100	18.99
268	153	19.72
338	221	21.07
430	270	22.38
537	295	23.99
735	213	24.69
627	322	25.55
725	242	26.11
651	253	26.61
488	280	26.76
254	233	27.73
236	192	26.90
234	106	26.11
107	57	24.72
8	4	23.87
0	0	23.01
0	0	21.54
0	0	20.54
0	0	19.76
0	0	19.71
0	0	19.18
0	0	18.38
0	0	19.06
51	35	18.57
133	98	19.50
245	159	20.15
362	211	21.65
477	250	22.59
680	190	23.60
792	149	24.30
761	219	24.70
642	302	25.19
429	337	25.09
448	292	25.20
331	250	25.47
293	184	24.57
215	114	23.42
79	62	22.58
0	0	21.68
0	0	21.07
0	0	19.47
0	0	17.58
0	0	16.88
0	0	16.51
0	0	16.66
0	0	16.54
0	0	16.77
50	33	16.47
156	91	17.42
292	137	18.54
364	209	19.81
473	249	21.09
634	229	22.72
712	230	23.85
686	281	24.63
666	285	24.56
634	261	24.78
537	252	24.80
474	192	24.54
348	156	24.52
226	106	23.11
95	58	21.75
0	0	20.98
0	0	20.53
0	0	19.08
0	0	17.52
0	0	16.77
0	0	16.53
0	0	15.93
0	0	15.98
0	0	16.69
43	32	16.21
115	96	16.39
264	149	17.12
327	219	18.87
451	258	19.98
593	258	20.79
529	338	21.37
576	340	21.97
571	335	22.34
456	334	22.78
419	295	22.86
327	248	23.12
358	146	22.52
161	124	21.83
63	57	20.55
0	0	19.82
0	0	19.09
0	0	18.39
0	0	17.41
0	0	16.59
0	0	16.71
0	0	17.00
0	0	16.70
0	0	16.92
12	12	17.18
83	77	17.69
169	154	18.00
279	222	18.60
277	254	19.63
357	314	20.19
424	347	20.54
353	324	20.15
136	132	20.09
284	264	20.34
312	285	20.58
338	246	20.54
121	115	20.71
105	98	20.84
44	41	19.80
0	0	19.28
0	0	19.41
0	0	18.65
0	0	18.21
0	0	17.73
0	0	17.57
0	0	16.39
0	0	16.88
0	0	17.38
46	28	17.65
87	80	18.27
200	159	19.95
368	201	21.67
389	273	23.12
577	265	24.16
706	228	25.40
605	325	26.50
582	327	26.73
645	246	27.05
505	263	27.29
476	182	27.74
386	116	27.54
177	119	27.17
63	55	26.01
0	0	23.92
0	0	23.21
0	0	22.24
0	0	21.52
0	0	19.22
0	0	19.32
0	0	18.84
0	0	18.77
0	0	18.55
21	20	18.45
93	85	19.06
149	138	20.01
449	143	21.25
339	274	21.73
465	311	22.26
616	294	22.73
400	352	23.35
119	116	23.24
305	282	23.38
262	243	23.42
230	213	23.82
69	66	23.23
85	80	22.23
64	54	21.60
0	0	21.54
0	0	21.30
0	0	20.76
0	0	20.47
0	0	20.01
0	0	19.81
0	0	19.58
0	0	18.92
0	0	19.07
19	18	18.42
69	65	18.73
140	130	19.25
312	216	20.38
337	273	20.63
552	275	21.41
603	300	21.79
536	347	22.69
124	121	23.04
45	45	23.32
328	288	23.85
358	238	23.46
277	178	23.21
110	102	22.76
61	52	21.03
0	0	20.83
0	0	19.29
0	0	18.34
0	0	18.22
0	0	18.09
0	0	18.02
0	0	17.57
0	0	17.17
0	0	17.05
11	11	17.35
93	85	17.59
136	126	18.15
179	167	18.72
17	17	19.69
332	303	20.48
236	223	20.95
487	355	21.35
442	351	21.23
341	312	21.38
411	289	21.86
251	230	22.22
31	30	22.08
24	23	21.61
20	20	20.43
0	0	20.10
0	0	19.66
0	0	18.94
0	0	18.92
0	0	18.47
0	0	18.41
0	0	18.54
0	0	18.55
0	0	18.51
15	14	18.66
38	37	18.67
87	83	18.77
260	215	19.54
264	243	21.19
215	203	21.85
296	275	22.62
477	354	23.87
389	344	23.81
352	319	24.50
236	220	24.64
341	238	25.20
181	166	24.80
67	64	24.44
5	5	23.38
0	0	23.13
0	0	22.88
0	0	22.65
0	0	22.56
0	0	21.88
0	0	20.89
0	0	20.73
0	0	19.99
0	0	19.69
13	13	19.82
14	14	20.04
129	120	20.49
176	164	21.34
399	263	22.29
496	296	22.96
621	283	23.59
312	289	23.81
327	302	23.49
444	326	23.16
128	123	23.29
251	230	23.64
251	177	22.84
57	55	22.30
35	33	21.09
0	0	20.65
0	0	19.59
0	0	19.08
0	0	18.35
0	0	18.48
0	0	17.76
0	0	17.25
0	0	16.85
0	0	16.74
38	17	16.96
170	58	17.11
310	96	18.09
442	134	19.26
477	229	20.27
467	303	21.05
601	293	22.11
441	353	22.39
423	347	22.76
528	303	22.55
333	285	22.26
360	230	22.75
262	173	22.51
183	104	21.94
14	14	20.70
0	0	19.44
0	0	18.48
0	0	17.50
0	0	16.30
0	0	15.40
0	0	15.48
0	0	14.89
0	0	14.96
0	0	14.90
13	12	14.99
121	82	15.46
248	137	17.15
416	154	18.60
339	267	20.63
400	311	22.02
558	313	22.92
617	304	23.99
541	331	24.57
516	306	25.11
576	195	25.37
463	170	25.09
389	84	23.74
217	79	22.78
73	40	21.32
0	0	20.21
0	0	18.94
0	0	18.15
0	0	17.53
0	0	17.00
0	0	16.46
0	0	15.82
0	0	15.64
0	0	15.54
16	14	15.33
78	72	15.51
78	74	15.81
141	133	16.34
511	200	17.36
549	265	18.46
642	261	18.66
303	282	18.75
264	248	18.79
56	55	18.84
182	172	18.54
232	213	18.67
239	173	17.81
84	79	17.41
33	31	16.26
0	0	16.21
0	0	15.55
0	0	14.51
0	0	13.72
0	0	13.67
0	0	13.26
0	0	12.65
0	0	12.32
0	0	12.36
24	16	12.83
127	76	13.32
205	145	13.96
361	185	15.72
597	114	16.91
623	207	18.53
649	253	18.88
559	328	19.40
439	344	19.63
490	310	20.15
403	281	20.07
289	233	20.11
196	170	19.34
158	104	19.02
34	32	17.88
0	0	17.44
0	0	16.87
0	0	16.02
0	0	15.51
0	0	15.04
0	0	14.75
0	0	14.34
0	0	13.86
0	0	13.56
24	14	13.85
102	79	14.05
256	125	15.11
409	150	16.81
552	159	18.67
620	207	20.56
621	271	22.28
694	241	23.07
647	267	23.26
623	236	23.88
614	147	24.47
475	148	24.11
336	122	23.29
156	102	21.96
62	36	20.98
0	0	19.77
0	0	19.13
0	0	18.19
0	0	17.07
0	0	16.30
0	0	15.76
0	0	14.87
0	0	14.50
0	0	14.84
25	10	14.88
95	77	16.04
200	143	17.12
394	159	19.12
493	206	21.25
529	269	22.80
673	227	23.41
626	289	23.85
519	330	24.79
606	246	25.29
574	182	25.71
458	159	26.23
219	169	25.17
114	101	24.01
34	32	22.95
0	0	22.21
0	0	21.56
0	0	20.22
0	0	19.64
0	0	18.39
0	0	18.32
0	0	17.52
0	0	17.20
0	0	17.41
24	8	17.36
152	51	18.21
262	116	19.58
313	199	21.46
391	254	23.43
424	302	24.72
523	317	25.91
666	259	26.14
656	254	26.54
644	210	27.13
549	201	27.50
386	205	27.44
227	166	27.04
128	101	26.08
44	35	24.64
0	0	24.25
0	0	22.72
0	0	22.57
0	0	21.81
0	0	21.13
0	0	20.10
0	0	19.54
0	0	19.38
0	0	18.75
13	10	18.86
148	51	18.49
174	141	19.34
237	202	20.52
359	258	22.58
587	225	24.33
500	322	25.02
534	329	25.43
582	300	25.83
673	179	26.61
451	258	26.84
376	206	27.00
239	163	26.53
115	98	25.91
25	23	24.91
0	0	24.03
0	0	23.06
0	0	22.18
0	0	21.69
0	0	21.27
0	0	20.76
0	0	19.58
0	0	19.55
0	0	19.70
8	8	20.08
108	71	19.97
240	123	20.41
369	168	22.38
596	105	24.08
583	225	25.31
626	257	26.30
630	279	26.78
622	273	27.03
473	305	27.43
412	269	27.67
460	145	27.09
321	117	25.54
148	93	24.71
48	29	22.80
0	0	21.90
0	0	20.63
0	0	20.00
0	0	19.60
0	0	18.56
0	0	18.16
0	0	18.20
0	0	17.56
0	0	17.27
13	6	16.93
133	56	16.71
191	137	17.30
384	154	18.82
520	171	20.57
517	266	21.52
594	276	22.59
592	300	23.08
608	280	24.27
475	303	24.86
466	246	24.60
308	221	23.99
242	157	23.61
144	92	22.65
40	28	21.92
0	0	21.09
0	0	20.00
0	0	19.58
0	0	19.30
0	0	18.86
0	0	17.99
0	0	17.13
0	0	17.83
0	0	17.93
8	6	18.23
59	55	18.50
172	136	19.13
391	145	19.91
420	236	21.19
590	214	22.59
468	324	23.58
533	323	24.62
324	298	25.91
355	307	26.32
391	269	26.15
376	197	25.98
261	147	25.56
86	79	24.33
27	25	23.52
0	0	23.30
0	0	22.48
0	0	21.65
0	0	21.05
0	0	20.45
0	0	20.32
0	0	19.55
0	0	18.81
0	0	18.82
6	4	18.57
31	29	18.61
142	130	18.84
180	167	18.82
136	130	19.64
453	288	20.85
512	311	21.07
683	228	21.92
615	269	21.86
416	309	21.74
350	271	22.19
198	183	21.45
40	39	20.56
67	63	19.99
8	8	19.60
0	0	19.20
0	0	18.22
0	0	16.83
0	0	15.68
0	0	15.33
0	0	14.65
0	0	15.00
0	0	14.70
0	0	14.82
0	0	14.69
140	38	14.34
196	130	15.31
466	82	16.87
554	126	18.74
682	121	20.48
734	139	22.00
749	158	23.00
707	186	23.68
647	184	23.88
528	195	23.88
427	156	24.49
278	131	23.74
164	71	22.25
39	19	20.45
0	0	19.47
0	0	18.54
0	0	17.88
0	0	16.78
0	0	16.04
0	0	15.83
0	0	15.99
0	0	15.60
0	0	15.91
0	0	15.94
105	60	16.32
233	113	16.72
409	119	18.28
482	190	20.29
526	251	21.27
549	291	22.26
641	256	23.47
619	260	23.72
574	242	24.37
492	217	24.52
445	135	24.36
266	134	23.70
95	85	22.02
4	4	21.17
0	0	19.84
0	0	19.21
0	0	18.50
0	0	18.55
0	0	17.88
0	0	17.95
0	0	17.00
0	0	16.38
0	0	16.22
0	0	16.40
72	62	16.86
219	118	16.96
247	194	18.60
344	249	19.75
619	173	20.76
646	221	22.26
524	318	22.71
553	296	22.92
460	296	22.90
374	263	23.36
372	186	23.84
239	143	23.30
147	74	22.42
29	16	21.53
0	0	20.95
0	0	20.22
0	0	18.92
0	0	18.40
0	0	17.72
0	0	17.81
0	0	17.25
0	0	17.31
0	0	17.48
0	0	17.28
75	61	16.93
97	91	17.69
156	145	18.30
211	196	19.37
369	292	20.85
381	319	22.04
259	243	22.79
401	326	23.48
577	233	23.48
483	216	23.73
318	205	23.75
209	148	23.57
103	82	23.15
20	16	22.58
0	0	21.81
0	0	21.47
0	0	21.14
0	0	20.74
0	0	20.77
0	0	20.12
0	0	19.37
0	0	19.28
0	0	19.65
0	0	19.93
65	58	19.94
83	79	19.97
155	145	20.67
125	120	20.94
139	133	21.71
65	64	21.91
183	174	21.76
439	324	22.10
333	295	21.93
158	150	22.03
105	101	22.46
90	85	22.25
5	5	21.83
9	9	21.13
0	0	20.52
0	0	20.16
0	0	19.40
0	0	19.11
0	0	18.77
0	0	17.98
0	0	17.73
0	0	17.61
0	0	16.94
0	0	16.89
45	43	16.60
145	124	16.55
227	189	17.30
372	238	18.05
483	263	18.21
500	302	18.54
401	329	18.41
280	260	18.62
326	293	18.71
261	240	18.69
258	207	18.99
132	122	18.22
107	77	17.42
12	11	17.23
0	0	16.49
0	0	15.54
0	0	14.56
0	0	13.19
0	0	11.91
0	0	11.32
0	0	11.17
0	0	11.38
0	0	11.57
0	0	12.16
99	48	11.81
265	69	12.92
296	178	14.20
354	240	15.96
476	264	17.29
603	242	18.02
534	304	18.85
644	221	18.91
583	216	19.26
447	227	19.89
351	182	19.57
235	131	19.26
73	67	18.43
9	9	17.21
0	0	16.02
0	0	15.59
0	0	14.73
0	0	14.21
0	0	13.46
0	0	12.57
0	0	11.91
0	0	11.85
0	0	11.73
0	0	11.78
110	36	12.21
239	89	13.70
409	93	15.39
485	167	17.04
586	185	18.51
655	194	19.64
630	244	20.47
605	249	21.00
597	200	20.83
564	126	20.70
471	83	20.26
241	124	19.41
107	71	17.72
14	5	15.97
0	0	14.43
0	0	13.95
0	0	12.85
0	0	12.62
0	0	12.17
0	0	12.43
0	0	12.09
0	0	12.08
0	0	12.10
0	0	12.29
91	46	13.17
145	120	13.78
241	185	14.53
363	234	16.59
494	249	18.07
535	279	19.24
655	219	19.60
607	243	20.41
592	199	21.55
484	195	22.21
315	191	21.88
195	137	21.58
87	70	20.58
9	4	19.50
0	0	18.27
0	0	17.16
0	0	16.21
0	0	15.54
0	0	15.53
0	0	15.12
0	0	14.56
0	0	14.03
0	0	13.56
0	0	13.82
52	48	14.01
67	64	14.23
290	174	15.04
310	239	16.12
249	231	16.38
353	307	16.94
412	323	17.25
654	199	17.73
634	153	17.80
204	190	17.66
177	164	17.17
77	73	16.94
24	23	15.95
0	0	14.89
0	0	13.41
0	0	12.66
0	0	12.07
0	0	11.69
0	0	11.46
0	0	10.77
0	0	10.50
0	0	10.51
0	0	10.68
0	0	11.08
24	23	10.99
117	107	11.69
284	173	13.04
190	178	13.92
213	200	14.77
343	304	15.97
385	320	17.05
363	311	17.57
363	290	17.74
459	204	18.31
425	104	18.31
263	95	17.93
89	65	16.77
0	0	15.91
0	0	14.96
0	0	14.24
0	0	13.90
0	0	13.16
0	0	12.93
0	0	12.47
0	0	12.17
0	0	11.41
0	0	11.74
0	0	12.27
100	28	12.49
177	111	12.48
283	171	14.36
396	214	15.21
512	230	16.40
539	268	16.99
598	253	17.85
488	298	18.40
440	278	18.93
409	228	18.83
277	192	17.80
156	131	17.41
69	62	16.69
0	0	15.63
0	0	14.43
0	0	13.05
0	0	12.06
0	0	11.36
0	0	11.12
0	0	10.66
0	0	11.11
0	0	10.68
0	0	10.56
0	0	11.57
41	38	12.17
115	106	13.31
157	146	15.45
322	233	17.56
425	268	18.92
523	274	19.52
671	186	19.93
604	229	21.35
596	175	20.78
455	198	21.21
319	176	20.92
218	116	20.47
69	60	20.22
0	0	19.51
0	0	18.95
0	0	18.58
0	0	17.87
0	0	17.38
0	0	16.99
0	0	16.77
0	0	16.42
0	0	16.19
0	0	16.38
0	0	15.73
37	35	15.72
203	93	16.08
244	176	16.56
193	180	18.05
292	267	19.12
406	305	19.52
572	263	20.05
218	205	20.71
314	279	20.72
312	244	20.78
93	89	20.34
116	107	20.44
24	23	20.57
0	0	19.49
0	0	18.14
0	0	17.17
0	0	17.34
0	0	16.61
0	0	16.28
0	0	16.01
0	0	15.30
0	0	15.43
0	0	15.17
0	0	15.23
47	41	14.88
120	108	16.12
286	162	17.34
328	229	18.96
487	236	20.42
617	200	21.36
583	252	22.42
487	290	22.93
457	263	23.79
344	239	23.50
285	181	22.88
178	122	21.94
53	49	20.42
0	0	19.53
0	0	18.76
0	0	17.56
0	0	16.38
0	0	15.74
0	0	15.05
0	0	14.41
0	0	14.26
0	0	14.19
0	0	13.87
0	0	13.36
66	37	13.68
156	107	13.69
327	135	15.09
419	189	16.66
572	165	18.49
619	194	19.66
525	283	21.00
481	289	21.35
320	277	21.92
297	239	22.36
257	184	21.29
154	122	20.15
38	36	18.75
0	0	17.51
0	0	15.90
0	0	14.56
0	0	13.50
0	0	12.89
0	0	11.88
0	0	11.30
0	0	10.45
0	0	10.81
0	0	10.79
0	0	10.40
81	23	11.07
165	103	12.08
245	169	13.38
426	181	14.93
472	237	16.34
618	190	17.91
548	267	18.58
482	286	19.07
535	209	19.16
484	155	19.09
274	178	18.73
146	119	17.48
60	50	16.57
0	0	15.13
0	0	14.11
0	0	13.04
0	0	12.58
0	0	12.00
0	0	12.31
0	0	11.89
0	0	11.17
0	0	11.30
0	0	11.47
0	0	11.33
48	37	11.76
144	105	12.38
195	168	13.27
307	225	14.42
402	263	16.07
561	234	17.21
342	303	17.85
554	245	18.77
517	218	18.50
469	163	18.49
188	172	17.69
93	87	16.78
40	37	15.10
0	0	13.64
0	0	13.08
0	0	12.12
0	0	11.58
0	0	11.16
0	0	10.24
0	0	10.43
0	0	10.43
0	0	10.71
0	0	10.44
0	0	10.24
59	31	10.72
169	95	11.50
186	165	12.51
316	222	14.65
513	204	15.83
552	236	17.57
552	258	18.81
510	267	19.38
393	270	19.70
278	231	19.47
215	177	19.76
148	114	19.43
60	46	18.20
0	0	17.33
0	0	17.08
0	0	16.79
0	0	16.39
0	0	16.02
0	0	15.82
0	0	15.14
0	0	14.06
0	0	13.78
0	0	13.87
0	0	13.52
13	12	13.72
127	101	13.97
279	151	15.03
216	199	15.61
227	211	16.19
405	293	16.80
422	303	16.70
311	285	16.71
343	272	16.57
246	224	15.92
153	142	15.57
66	63	14.71
61	43	13.92
0	0	13.04
0	0	12.39
0	0	11.71
0	0	10.59
0	0	9.62
0	0	8.67
0	0	8.63
0	0	8.30
0	0	8.12
0	0	8.56
0	0	8.35
47	30	8.66
189	77	9.35
222	164	10.94
431	162	12.09
570	143	13.10
574	211	14.46
656	160	15.82
628	168	16.84
477	231	17.22
338	222	17.63
345	120	17.14
165	105	16.06
60	39	15.29
0	0	13.80
0	0	12.77
0	0	11.69
0	0	10.13
0	0	9.61
0	0	9.49
0	0	8.86
0	0	8.89
0	0	9.27
0	0	9.06
0	0	9.32
11	11	9.68
97	89	9.88
230	161	10.43
281	219	11.58
351	262	12.23
308	281	12.10
413	300	12.87
308	282	12.93
420	254	13.03
296	225	12.85
111	105	12.41
43	42	12.31
45	38	11.56
0	0	10.92
0	0	10.42
0	0	10.02
0	0	8.96
0	0	8.16
0	0	7.69
0	0	7.61
0	0	7.92
0	0	8.16
0	0	8.00
0	0	8.28
11	11	8.02
54	52	8.07
157	145	8.24
43	43	9.16
162	154	9.59
159	152	10.19
357	298	10.98
327	286	11.96
377	262	12.31
237	216	11.90
70	67	12.13
62	59	12.28
5	5	11.87
0	0	12.12
0	0	10.98
0	0	11.27
0	0	9.95
0	0	9.80
0	0	9.62
0	0	9.16
0	0	8.94
0	0	8.87
0	0	9.01
0	0	9.78
42	24	9.92
107	93	11.23
231	157	12.54
269	215	13.71
348	258	15.20
330	284	16.30
130	125	17.43
342	287	18.18
446	235	18.23
277	221	19.03
212	166	18.75
101	93	17.96
35	32	17.09
0	0	16.36
0	0	16.56
0	0	16.20
0	0	15.49
0	0	15.49
0	0	15.59
0	0	15.92
0	0	15.84
0	0	15.41
0	0	15.25
0	0	15.21
25	23	15.93
76	71	16.42
229	155	17.34
257	213	19.00
373	253	20.72
520	234	21.10
546	238	22.39
434	277	22.97
290	256	23.57
260	217	23.39
268	150	23.27
179	82	22.41
39	30	21.70
0	0	20.94
0	0	19.60
0	0	18.02
0	0	17.85
0	0	17.24
0	0	16.79
0	0	16.54
0	0	16.06
0	0	15.39
0	0	14.96
0	0	14.36
21	19	14.53
54	51	15.51
100	95	16.82
191	177	17.73
183	172	18.84
321	279	19.34
600	190	20.53
444	271	20.59
388	251	20.53
447	135	20.38
193	160	19.78
128	96	18.79
33	27	17.87
0	0	16.98
0	0	16.78
0	0	16.54
0	0	16.64
0	0	16.04
0	0	16.16
0	0	15.67
0	0	15.44
0	0	15.38
0	0	15.75
0	0	15.92
11	11	16.14
52	49	15.71
74	71	16.12
77	75	16.85
192	180	17.59
110	106	17.59
305	279	17.77
296	270	17.48
200	188	17.45
250	212	17.86
156	144	17.20
46	44	17.14
2	2	16.89
0	0	15.55
0	0	14.61
0	0	14.28
0	0	13.94
0	0	14.27
0	0	13.81
0	0	13.90
0	0	13.44
0	0	13.97
0	0	13.96
0	0	13.96
12	12	14.06
107	87	14.32
246	142	14.98
161	151	15.71
232	215	16.46
211	198	16.88
193	183	17.45
120	116	17.73
166	157	17.46
122	116	17.49
146	135	17.46
55	52	16.58
16	15	16.61
0	0	16.23
0	0	15.64
0	0	15.82
0	0	15.40
0	0	15.11
0	0	14.78
0	0	14.42
0	0	13.71
0	0	13.71
0	0	14.02
0	0	14.34
11	10	14.95
120	84	16.22
222	147	17.45
400	153	18.42
548	124	19.88
597	149	20.90
434	277	21.88
228	213	22.94
262	239	23.03
359	185	22.52
127	119	22.57
69	64	21.95
18	17	20.72
0	0	19.37
0	0	18.85
0	0	17.68
0	0	16.82
0	0	16.56
0	0	16.28
0	0	15.92
0	0	16.15
0	0	16.14
0	0	16.33
0	0	17.01
16	15	17.62
103	83	18.30
164	145	19.63
283	203	21.38
428	218	22.57
522	212	23.41
553	209	24.69
513	220	24.61
398	234	25.17
251	205	25.65
220	147	25.75
54	51	24.84
4	4	23.61
0	0	22.68
0	0	21.51
0	0	20.76
0	0	20.26
0	0	19.17
0	0	18.18
0	0	17.74
0	0	17.13
0	0	16.60
0	0	16.18
0	0	16.20
8	7	15.93
50	48	16.42
178	146	17.52
264	202	18.97
340	244	19.85
365	272	20.69
519	230	20.66
498	225	21.78
464	193	22.24
334	188	22.39
66	64	22.21
69	64	20.78
12	11	20.08
0	0	18.67
0	0	18.17
0	0	17.69
0	0	16.99
0	0	16.82
0	0	15.80
0	0	15.60
0	0	15.65
0	0	16.07
0	0	15.15
0	0	15.46
19	11	15.97
110	79	16.63
251	126	18.50
325	186	20.61
457	192	22.06
520	205	23.61
600	155	24.84
465	240	25.26
408	221	25.13
377	158	25.91
207	143	25.22
139	70	24.43
14	12	22.87
0	0	21.22
0	0	20.47
0	0	19.29
0	0	18.79
0	0	18.53
0	0	18.24
0	0	18.23
0	0	18.26
0	0	17.69
0	0	17.48
0	0	17.52
13	10	17.25
82	75	18.20
140	129	18.94
203	186	19.55
229	211	20.90
381	266	21.97
613	135	22.49
503	212	22.70
249	228	23.07
260	198	22.66
45	44	21.73
33	32	20.59
2	2	19.11
0	0	17.60
0	0	16.52
0	0	15.42
0	0	14.90
0	0	14.15
0	0	13.89
0	0	13.17
0	0	13.37
0	0	13.17
0	0	13.10
0	0	13.86
2	2	13.49
32	31	13.65
75	72	14.06
125	118	14.76
87	84	15.42
191	180	15.98
471	245	16.59
376	264	16.83
210	195	16.98
212	191	16.86
90	85	15.85
37	35	14.96
6	6	14.35
0	0	13.32
0	0	13.07
0	0	12.60
0	0	12.42
0	0	12.27
0	0	12.57
0	0	12.31
0	0	11.76
0	0	11.71
0	0	11.34
0	0	11.51
11	6	11.86
80	72	12.60
187	138	14.01
331	174	14.97
306	237	16.63
452	235	18.26
581	157	19.29
487	214	19.57
448	183	20.03
347	162	20.05
172	137	19.73
122	64	18.52
8	4	17.55
0	0	16.46
0	0	15.76
0	0	15.26
0	0	15.31
0	0	14.97
0	0	14.69
0	0	14.43
0	0	13.53
0	0	13.05
0	0	12.86
0	0	12.74
7	5	12.99
43	41	12.96
140	128	13.58
270	191	15.24
313	235	16.43
470	221	16.96
437	254	17.55
429	241	17.86
453	174	18.41
320	173	18.61
230	119	18.02
125	57	17.39
0	0	15.77
0	0	13.81
0	0	13.10
0	0	11.82
0	0	10.77
0	0	9.66
0	0	8.47
0	0	7.64
0	0	7.47
0	0	7.12
0	0	7.32
0	0	7.50
0	0	8.18
120	62	8.58
264	97	9.56
393	120	11.60
458	168	14.00
505	192	16.35
662	117	17.46
559	139	18.43
414	196	19.44
300	177	19.11
198	127	18.50
90	66	17.51
0	0	16.04
0	0	15.11
0	0	14.23
0	0	12.95
0	0	12.71
0	0	13.32
0	0	12.97
0	0	12.35
0	0	12.39
0	0	12.30
0	0	12.37
0	0	13.35
0	0	12.97
122	56	13.66
248	105	15.04
314	172	16.90
290	231	18.57
411	243	20.39
416	254	21.39
460	217	21.45
488	130	21.85
390	110	21.62
255	91	21.00
124	46	20.44
0	0	19.52
0	0	18.05
0	0	16.53
0	0	16.26
0	0	15.52
0	0	15.48
0	0	14.97
0	0	14.96
0	0	14.12
0	0	13.43
0	0	13.25
0	0	12.63
0	0	12.28
69	63	12.17
76	72	13.07
97	93	14.80
237	217	16.28
299	254	17.44
460	231	18.90
493	189	19.58
487	124	20.49
318	160	20.52
133	121	20.15
76	61	19.78
0	0	18.90
0	0	18.22
0	0	17.64
0	0	17.12
0	0	16.41
0	0	16.55
0	0	16.07
0	0	15.00
0	0	14.76
0	0	13.89
0	0	13.65
0	0	13.23
0	0	13.35
97	62	13.54
233	107	13.80
395	102	15.23
470	142	17.23
471	203	18.42
510	192	19.68
489	186	19.58
471	133	19.83
316	156	19.73
172	123	19.12
111	44	17.32
0	0	15.51
0	0	13.44
0	0	12.39
0	0	11.28
0	0	10.33
0	0	9.86
0	0	9.08
0	0	7.89
0	0	7.85
0	0	7.86
0	0	7.88
0	0	8.22
0	0	8.21
131	35	9.01
230	105	10.91
323	156	12.74
430	171	14.62
459	207	16.16
512	185	17.64
522	151	18.27
447	150	19.06
418	74	19.65
260	65	19.45
83	53	18.77
0	0	17.59
0	0	16.64
0	0	15.01
0	0	13.54
0	0	12.37
0	0	10.88
0	0	10.15
0	0	10.32
0	0	10.24
0	0	10.65
0	0	10.28
0	0	10.92
0	0	11.02
53	49	11.90
143	123	13.06
256	178	13.58
347	213	15.35
301	248	15.94
360	255	16.49
321	247	17.11
205	190	17.93
136	127	18.16
107	99	17.74
17	17	16.48
0	0	15.43
0	0	14.70
0	0	13.64
0	0	13.51
0	0	13.01
0	0	12.85
0	0	12.68
0	0	12.10
0	0	11.31
0	0	10.36
0	0	10.14
0	0	10.63
0	0	10.62
109	45	11.24
265	65	12.72
402	76	15.06
521	92	16.87
455	200	18.65
451	219	19.38
486	171	19.58
449	135	19.80
333	129	20.17
146	115	19.89
67	49	18.73
0	0	17.83
0	0	16.48
0	0	15.18
0	0	13.63
0	0	12.69
0	0	11.91
0	0	10.78
0	0	10.88
0	0	10.68
0	0	10.27
0	0	10.31
0	0	9.87
0	0	10.35
58	53	10.61
172	119	12.16
342	130	13.91
490	97	15.01
562	99	16.46
529	153	17.25
542	108	17.86
411	161	18.63
290	151	18.78
210	90	18.46
61	47	17.68
0	0	16.73
0	0	15.59
0	0	14.96
0	0	13.98
0	0	13.04
0	0	12.27
0	0	16.92
0	0	16.47
0	0	16.49
0	0	16.70
0	0	16.09
0	0	16.14
0	0	16.08
60	53	16.34
197	108	16.78
323	139	16.89
373	191	18.19
325	242	18.86
490	182	19.28
427	204	19.95
273	211	20.05
222	167	19.94
158	108	19.49
72	41	18.35
0	0	17.47
0	0	16.72
0	0	15.92
0	0	15.09
0	0	14.57
0	0	13.69
0	0	13.21
0	0	12.53
0	0	12.43
0	0	12.10
0	0	12.41
0	0	11.31
0	0	11.30
38	36	11.22
16	16	11.42
183	167	12.00
333	205	12.93
367	231	13.62
360	244	14.01
267	234	14.42
177	165	15.32
209	164	14.97
59	56	14.94
24	23	14.03
0	0	12.90
0	0	12.94
0	0	12.87
0	0	12.60
0	0	12.39
0	0	12.18
0	0	12.18
0	0	12.00
0	0	11.81
0	0	11.15
0	0	11.02
0	0	11.33
0	0	11.05
82	46	11.58
102	95	11.90
224	170	12.39
370	184	13.42
446	187	14.63
391	231	15.34
362	225	16.17
303	202	16.93
237	158	17.50
185	90	17.00
39	36	15.92
0	0	14.38
0	0	13.71
0	0	12.91
0	0	12.56
0	0	12.09
0	0	11.35
0	0	11.42
0	0	10.81
0	0	9.89
0	0	9.50
0	0	9.18
0	0	8.95
0	0	8.72
100	28	8.65
224	78	9.21
305	138	9.70
460	105	10.90
406	208	11.91
407	221	12.87
344	227	13.61
306	198	14.26
247	152	14.24
132	102	13.17
33	31	11.72
0	0	10.18
0	0	9.84
0	0	9.16
0	0	9.32
0	0	8.57
0	0	7.99
0	0	7.49
0	0	7.99
0	0	8.18
0	0	7.38
0	0	6.94
0	0	6.74
0	0	6.69
86	36	7.45
199	92	8.34
315	127	9.47
402	154	11.18
399	207	12.05
480	168	13.42
373	214	14.91
286	199	15.37
283	130	15.43
169	88	15.08
66	24	14.00
0	0	12.56
0	0	12.51
0	0	11.43
0	0	10.78
0	0	9.74
0	0	9.43
0	0	9.55
0	0	8.78
0	0	8.22
0	0	8.10
0	0	7.72
0	0	7.54
0	0	7.72
91	27	8.21
199	88	9.22
331	109	10.99
353	181	12.66
429	185	14.95
503	139	15.80
443	166	17.21
405	130	18.07
269	134	18.08
156	90	17.07
39	31	16.51
0	0	14.72
0	0	14.45
0	0	14.08
0	0	13.93
0	0	13.23
0	0	12.75
0	0	12.42
0	0	12.19
0	0	11.71
0	0	11.55
0	0	10.67
0	0	10.29
0	0	10.20
50	41	11.27
158	103	11.86
279	141	12.89
362	172	13.62
408	194	15.50
299	236	16.47
344	216	17.19
239	195	18.10
219	148	17.59
142	91	16.84
36	28	15.94
0	0	15.48
0	0	14.83
0	0	14.18
0	0	13.04
0	0	12.27
0	0	12.08
0	0	11.63
0	0	11.30
0	0	10.94
0	0	10.22
0	0	10.16
0	0	9.85
0	0	9.47
65	37	10.12
182	90	10.57
318	109	11.58
333	184	12.68
423	179	13.73
413	200	14.82
429	166	15.72
382	137	16.58
275	119	16.10
130	90	14.48
28	25	13.03
0	0	11.86
0	0	10.96
0	0	9.58
0	0	8.83
0	0	8.06
0	0	6.88
0	0	6.25
0	0	6.31
0	0	5.87
0	0	5.49
0	0	4.77
0	0	4.60
0	0	4.10
23	22	3.65
62	59	4.44
201	157	4.39
301	192	5.00
335	218	6.00
376	214	7.07
383	192	7.43
142	134	7.34
100	94	7.49
63	60	7.57
15	14	6.68
0	0	5.70
0	0	5.67
0	0	4.95
0	0	4.08
0	0	3.53
0	0	3.47
0	0	2.50
0	0	2.38
0	0	3.08
0	0	2.79
0	0	3.17
0	0	2.65
0	0	2.72
45	36	3.00
78	73	3.43
192	154	4.22
303	188	5.64
222	204	6.39
254	224	6.76
213	196	7.69
110	105	7.85
114	107	8.17
44	42	8.26
8	8	7.88
0	0	7.45
0	0	7.36
0	0	7.31
0	0	7.46
0	0	7.30
0	0	7.22
0	0	7.05
0	0	6.45
0	0	6.32
0	0	5.86
0	0	5.44
0	0	5.78
0	0	6.17
6	6	6.57
24	23	6.23
38	37	6.66
101	97	7.02
139	132	6.80
165	155	7.49
60	59	7.90
70	67	8.04
129	119	8.35
18	18	8.56
5	5	8.87
0	0	8.81
0	0	9.63
0	0	9.42
0	0	9.09
0	0	9.84
0	0	9.72
0	0	9.85
0	0	9.44
0	0	9.28
0	0	9.17
0	0	9.43
0	0	9.81
0	0	9.73
16	15	10.16
78	72	10.77
292	110	11.77
255	191	12.34
122	116	13.02
376	202	14.59
316	207	14.92
251	182	15.29
159	136	15.44
28	28	14.86
5	5	14.45
0	0	13.44
0	0	13.50
0	0	13.36
0	0	12.54
0	0	12.21
0	0	12.31
0	0	12.20
0	0	12.34
0	0	12.58
0	0	11.99
0	0	11.78
0	0	11.61
0	0	11.84
10	9	11.47
61	58	11.79
133	123	12.56
198	181	13.27
210	194	14.13
219	201	14.57
179	167	14.38
108	103	14.26
20	20	14.38
22	21	14.69
7	7	13.91
0	0	13.66
0	0	13.09
0	0	12.72
0	0	12.14
0	0	11.66
0	0	11.28
0	0	10.70
0	0	10.59
0	0	10.47
0	0	9.67
0	0	9.21
0	0	8.95
0	0	8.83
15	15	8.90
88	81	9.69
78	75	9.80
135	127	10.21
234	208	10.64
157	148	10.67
230	203	11.53
115	109	11.79
96	91	11.79
15	15	12.55
4	4	12.37
0	0	11.96
0	0	12.09
0	0	12.38
0	0	11.40
0	0	10.72
0	0	10.55
0	0	10.29
0	0	9.93
0	0	10.06
0	0	10.51
0	0	9.86
0	0	9.06
0	0	8.98
21	19	9.08
105	88	10.15
125	116	10.78
190	174	11.17
337	196	11.34
361	197	12.00
228	201	12.19
160	148	12.59
57	55	12.38
25	24	12.43
6	6	11.99
0	0	11.02
0	0	10.63
0	0	10.18
0	0	9.46
0	0	8.52
0	0	7.96
0	0	7.78
0	0	7.75
0	0	7.68
0	0	7.28
0	0	7.75
0	0	8.00
0	0	8.70
24	22	9.01
129	85	9.23
103	97	9.20
188	173	10.11
315	200	10.82
146	137	11.56
115	110	12.15
96	92	12.32
75	71	12.01
65	60	12.38
6	6	12.07
0	0	11.72
0	0	11.45
0	0	11.52
0	0	11.13
0	0	10.68
0	0	11.06
0	0	10.89
0	0	10.48
0	0	10.18
0	0	10.62
0	0	9.88
0	0	9.23
0	0	9.18
12	12	9.69
103	84	10.40
159	137	11.50
68	66	12.44
175	163	13.17
298	210	13.41
223	196	13.84
182	165	14.26
140	123	14.05
71	65	13.52
5	4	13.30
0	0	13.17
0	0	13.05
0	0	12.92
0	0	12.75
0	0	13.04
0	0	12.71
0	0	12.23
0	0	12.34
0	0	12.37
0	0	11.95
0	0	11.23
0	0	11.34
0	0	11.18
23	19	11.22
105	83	10.82
213	131	11.62
292	164	13.31
350	179	14.55
307	205	15.43
302	190	15.42
266	159	15.82
175	121	15.43
50	46	14.22
0	0	12.89
0	0	11.81
0	0	10.87
0	0	10.05
0	0	9.56
0	0	8.42
0	0	8.01
0	0	7.91
0	0	7.72
0	0	8.06
0	0	8.53
0	0	8.53
0	0	8.43
0	0	8.53
13	12	9.46
89	79	10.00
85	80	10.80
72	69	12.11
243	200	13.02
372	173	13.94
239	194	14.05
37	36	14.81
80	76	14.91
30	29	14.78
0	0	14.39
0	0	13.48
0	0	12.91
0	0	12.71
0	0	12.49
0	0	12.57
0	0	12.68
0	0	12.94
0	0	13.16
0	0	12.09
0	0	11.51
0	0	10.94
0	0	11.78
0	0	11.30
18	16	10.91
95	78	10.78
203	128	11.79
285	159	12.79
287	195	13.76
332	190	14.38
263	192	13.99
60	58	14.18
24	23	14.65
57	52	14.87
0	0	13.99
0	0	12.97
0	0	12.74
0	0	12.17
0	0	11.15
0	0	10.10
0	0	10.08
0	0	8.91
0	0	9.12
0	0	8.72
0	0	8.61
0	0	8.11
0	0	8.25
0	0	8.83
21	13	9.07
124	70	9.82
251	98	10.21
187	167	10.89
226	193	11.69
95	91	12.46
66	64	12.94
165	151	13.30
112	103	13.42
58	53	13.03
0	0	12.31
0	0	11.78
0	0	10.61
0	0	9.56
0	0	9.36
0	0	8.45
0	0	7.54
0	0	7.94
0	0	8.34
0	0	8.36
0	0	9.40
0	0	9.70
0	0	9.75
0	0	9.70
10	9	9.48
90	74	10.15
204	121	11.79
295	147	13.79
219	191	14.46
258	200	15.73
325	165	16.32
262	145	16.81
200	96	16.95
56	51	16.86
0	0	16.45
0	0	15.86
0	0	15.50
0	0	14.91
0	0	14.41
0	0	13.85
0	0	13.37
0	0	12.87
0	0	12.06
0	0	11.70
0	0	10.87
0	0	10.75
0	0	10.87
0	0	10.55
15	10	10.90
47	45	11.41
94	88	12.26
230	166	12.60
244	191	13.58
214	193	13.57
188	173	13.61
230	152	13.88
151	110	13.24
54	50	13.11
0	0	11.92
0	0	11.47
0	0	10.52
0	0	10.15
0	0	9.01
0	0	8.50
0	0	7.33
0	0	6.60
0	0	6.28
0	0	5.03
0	0	5.02
0	0	4.53
0	0	3.75
0	0	3.70
8	7	3.87
81	69	4.43
80	76	4.50
205	164	5.42
218	187	5.47
217	191	5.58
118	111	5.82
142	131	5.51
120	106	5.80
70	50	5.53
0	0	4.31
0	0	3.71
0	0	3.67
0	0	3.22
0	0	2.50
0	0	1.91
0	0	1.58
0	0	1.21
0	0	0.81
0	0	0.61
0	0	0.19
0	0	0.35
0	0	0.31
0	0	0.72
4	4	0.33
23	22	0.66
17	17	2.06
70	68	2.46
106	101	3.41
127	120	3.78
217	180	4.07
114	107	4.28
65	62	4.39
14	13	4.51
0	0	4.93
0	0	4.68
0	0	4.82
0	0	4.36
0	0	4.70
0	0	5.11
0	0	4.79
0	0	4.97
0	0	4.12
0	0	3.98
0	0	3.99
0	0	3.52
0	0	3.63
0	0	3.11
6	5	3.47
59	55	4.20
141	118	5.04
169	154	5.94
196	179	6.74
332	166	7.29
381	98	7.33
229	142	7.40
64	61	6.91
25	24	6.76
0	0	5.87
0	0	4.66
0	0	3.87
0	0	3.31
0	0	3.23
0	0	3.23
0	0	2.69
0	0	2.60
0	0	2.65
0	0	3.04
0	0	2.92
0	0	3.36
0	0	3.41
0	0	3.04
0	0	4.03
46	44	5.04
201	104	5.57
297	123	7.29
182	167	8.74
253	187	9.73
173	159	10.07
188	146	10.58
111	99	9.79
41	38	9.61
0	0	9.77
0	0	9.52
0	0	9.41
0	0	10.01
0	0	10.13
0	0	9.69
0	0	9.68
0	0	10.06
0	0	9.86
0	0	9.26
0	0	9.15
0	0	8.98
0	0	8.83
0	0	8.00
0	0	7.95
86	61	8.54
153	115	9.20
273	134	10.34
216	179	10.88
221	185	11.30
175	161	11.34
213	140	11.36
120	98	10.44
24	23	9.94
0	0	9.27
0	0	8.70
0	0	8.54
0	0	8.09
0	0	6.97
0	0	6.51
0	0	6.19
0	0	5.61
0	0	5.39
0	0	5.98
0	0	5.39
0	0	5.19
0	0	5.03
0	0	4.97
0	0	5.04
30	28	5.69
84	79	6.59
187	153	7.73
183	167	8.63
299	170	9.86
225	171	10.47
96	91	11.01
130	96	10.95
18	17	10.39
0	0	9.47
0	0	9.33
0	0	8.93
0	0	8.95
0	0	7.89
0	0	8.27
0	0	8.28
0	0	8.09
0	0	7.80
0	0	8.27
0	0	8.32
0	0	8.31
0	0	8.55
0	0	8.10
0	0	8.67
103	47	9.78
226	72	10.65
270	127	11.50
293	158	12.80
340	142	14.69
313	135	16.22
223	131	16.17
183	69	16.41
71	28	16.83
0	0	16.28
0	0	15.02
0	0	14.65
0	0	13.83
0	0	14.04
0	0	13.58
0	0	12.91
0	0	12.70
0	0	12.59
0	0	12.62
0	0	12.50
0	0	12.29
0	0	11.92
0	0	12.05
0	0	12.90
48	44	13.15
174	101	13.96
136	125	15.34
160	148	16.04
254	177	16.70
249	162	17.34
81	77	18.01
38	37	17.45
17	17	16.82
0	0	15.92
0	0	14.97
0	0	14.63
0	0	14.15
0	0	13.69
0	0	12.92
0	0	12.73
0	0	13.36
0	0	12.53
0	0	11.72
0	0	11.87
0	0	11.64
0	0	12.11
0	0	11.84
0	0	11.18
33	31	11.73
32	31	12.33
134	124	12.21
74	71	13.18
43	42	12.65
112	106	12.67
110	103	13.18
71	66	11.82
13	12	11.80
0	0	10.90
0	0	10.64
0	0	9.93
0	0	9.69
0	0	9.42
0	0	9.89
0	0	9.97
0	0	10.16
0	0	9.44
0	0	8.96
0	0	7.70
0	0	7.67
0	0	7.55
0	0	7.43
0	0	7.31
20	19	6.97
103	95	6.50
158	141	5.48
124	116	5.09
131	123	4.61
175	158	4.15
123	114	3.65
29	28	2.84
18	17	2.35
0	0	1.37
0	0	0.59
0	0	-0.04
0	0	0.25
0	0	-0.71
0	0	-1.48
0	0	-2.66
0	0	-2.37
0	0	-2.00
0	0	-1.37
0	0	-0.78
0	0	-0.58
0	0	-0.44
0	0	-0.10
0	0	0.72
28	27	0.80
123	102	1.04
185	142	1.91
231	165	2.47
130	122	2.84
146	135	3.34
180	130	4.00
75	69	4.17
30	28	4.43
0	0	5.14
0	0	5.15
0	0	5.23
0	0	5.12
0	0	4.67
0	0	4.57
0	0	5.19
0	0	5.24
0	0	5.48
0	0	5.85
0	0	5.75
0	0	5.61
0	0	5.68
0	0	5.84
0	0	5.68
25	24	6.04
98	90	5.90
162	138	6.43
81	78	6.12
104	99	5.93
107	101	6.48
161	128	6.50
101	83	6.53
28	25	5.30
0	0	5.54
0	0	5.67
0	0	4.90
0	0	4.36
0	0	3.73
0	0	3.65
0	0	3.61
0	0	3.64
0	0	3.16
0	0	2.40
0	0	2.14
0	0	1.87
0	0	2.19
0	0	1.66
0	0	1.64
37	34	1.54
87	80	1.41
199	135	1.30
221	161	1.69
144	134	1.48
215	155	1.67
128	118	1.59
97	81	1.16
34	25	0.59
0	0	0.45
0	0	-0.40
0	0	-1.31
0	0	-1.14
0	0	-1.75
0	0	-1.70
0	0	-2.60
0	0	-2.60
0	0	-2.77
0	0	-2.43
0	0	-2.37
0	0	-1.78
0	0	-1.86
0	0	-2.27
0	0	-2.03
30	28	-2.35
79	74	-2.29
77	74	-1.81
33	33	-1.92
83	80	-1.70
163	149	-1.62
59	57	-1.78
38	37	-1.72
3	3	-2.11
0	0	-2.29
0	0	-2.26
0	0	-2.55
0	0	-2.26
0	0	-1.96
0	0	-1.38
0	0	-1.36
0	0	-1.58
0	0	-1.84
0	0	-1.57
0	0	-1.32
0	0	-1.32
0	0	-0.83
0	0	-0.32
0	0	0.49
49	41	0.88
128	93	1.46
179	133	1.64
222	156	1.93
104	99	2.74
22	22	3.12
28	27	4.47
58	55	4.97
2	2	4.90
0	0	4.53
0	0	4.81
0	0	5.76
0	0	5.12
0	0	5.67
0	0	5.90
0	0	5.72
0	0	5.45
0	0	4.78
0	0	4.43
0	0	4.28
0	0	3.90
0	0	3.31
0	0	3.25
0	0	3.13
5	4	2.33
16	16	2.74
80	76	3.53
164	150	4.20
257	152	4.05
159	145	3.68
101	94	3.86
44	42	4.21
13	12	3.85
0	0	2.34
0	0	1.84
0	0	1.88
0	0	1.61
0	0	0.81
0	0	0.49
0	0	0.36
0	0	-0.97
0	0	-0.16
0	0	-0.23
0	0	0.11
0	0	0.22
0	0	0.34
0	0	0.47
0	0	0.64
26	25	1.38
96	87	1.96
143	127	2.27
151	139	3.22
314	114	4.61
182	147	4.85
140	117	5.34
50	47	5.97
4	4	5.65
0	0	6.16
0	0	5.99
0	0	6.14
0	0	6.98
0	0	6.46
0	0	6.77
0	0	6.84
0	0	6.81
0	0	6.61
0	0	6.43
0	0	6.26
0	0	6.38
0	0	6.70
0	0	6.90
0	0	6.65
24	22	6.62
80	74	7.41
174	127	7.98
177	150	8.27
153	141	8.55
151	138	9.80
238	75	9.83
132	59	8.97
15	14	8.92
0	0	8.60
0	0	8.24
0	0	7.19
0	0	6.70
0	0	6.70
0	0	5.51
0	0	5.33
0	0	4.90
0	0	4.20
0	0	3.89
0	0	4.02
0	0	4.23
0	0	4.20
0	0	4.73
0	0	4.69
14	13	5.09
100	85	5.47
114	105	5.61
72	69	5.54
68	65	5.23
111	104	5.42
103	95	5.07
107	68	4.25
20	15	4.18
0	0	4.39
0	0	4.26
0	0	4.24
0	0	3.56
0	0	3.57
0	0	3.69
0	0	2.52
0	0	2.25
0	0	2.44
0	0	2.09
0	0	1.67
0	0	1.35
0	0	1.97
0	0	2.47
0	0	2.84
9	9	2.64
26	25	2.52
12	12	3.02
62	60	3.02
134	125	3.94
107	101	3.94
115	106	4.39
65	60	4.45
6	5	5.63
0	0	5.41
0	0	5.70
0	0	5.39
0	0	4.70
0	0	4.57
0	0	5.08
0	0	4.83
0	0	4.50
0	0	4.15
0	0	4.24
0	0	5.13
0	0	5.04
0	0	4.74
0	0	5.17
0	0	5.59
28	26	5.69
22	22	5.43
66	63	5.79
179	145	6.98
302	106	7.67
263	110	7.91
143	111	8.14
49	46	7.67
13	12	8.12
0	0	8.01
0	0	8.02
0	0	8.18
0	0	7.40
0	0	7.13
0	0	7.62
0	0	7.54
0	0	7.30
0	0	7.10
0	0	7.70
0	0	7.89
0	0	7.53
0	0	7.81
0	0	6.92
0	0	7.01
40	27	7.53
92	79	8.35
208	104	9.52
302	85	10.52
284	116	11.34
248	116	11.53
136	109	12.08
111	58	11.93
20	9	11.65
0	0	10.41
0	0	10.18
0	0	9.72
0	0	8.88
0	0	8.44
0	0	8.52
0	0	8.98
0	0	8.92
0	0	8.92
0	0	8.85
0	0	8.76
0	0	7.88
0	0	8.00
0	0	8.19
0	0	7.83
3	3	7.63
27	27	7.81
131	115	8.36
103	97	8.84
115	107	8.71
165	136	8.41
97	90	8.16
35	33	8.25
12	10	8.04
0	0	7.05
0	0	6.85
0	0	6.92
0	0	7.40
0	0	6.74
0	0	6.09
0	0	5.82
0	0	5.45
0	0	5.40
0	0	5.10
0	0	5.31
0	0	5.39
0	0	4.98
0	0	4.64
0	0	4.81
4	4	5.22
43	41	4.98
31	30	5.71
40	39	5.90
173	145	5.93
133	122	5.91
71	67	5.32
16	15	5.58
5	5	5.87
0	0	5.80
0	0	6.02
0	0	6.03
0	0	6.39
0	0	6.82
0	0	7.08
0	0	7.89
0	0	7.84
0	0	7.41
0	0	7.17
0	0	7.60
0	0	7.22
0	0	6.44
0	0	6.50
0	0	6.25
4	3	6.16
9	9	6.34
44	43	6.62
56	54	7.11
160	142	7.32
91	86	7.34
79	74	7.05
24	23	6.98
4	4	7.19
0	0	7.18
0	0	7.13
0	0	6.26
0	0	6.38
0	0	6.28
0	0	5.58
0	0	5.17
0	0	4.69
0	0	4.82
0	0	5.43
0	0	5.60
0	0	5.37
0	0	4.87
0	0	5.01
0	0	4.64
8	8	5.23
45	43	5.56
215	84	6.25
166	136	6.78
166	141	8.11
118	109	8.40
24	23	8.44
39	37	9.04
6	6	9.34
0	0	8.98
0	0	8.67
0	0	9.31
0	0	9.09
0	0	9.02
0	0	9.06
0	0	9.09
0	0	8.58
0	0	8.20
0	0	8.58
0	0	8.62
0	0	8.85
0	0	8.69
0	0	8.66
0	0	8.90
16	15	9.04
74	68	9.15
71	67	9.76
103	97	10.10
115	108	10.02
171	130	10.54
129	101	10.99
44	41	10.75
5	4	10.78
0	0	10.32
0	0	10.77
0	0	10.90
0	0	10.76
0	0	10.91
0	0	11.03
0	0	11.33
0	0	11.83
0	0	11.45
0	0	10.60
0	0	11.18
0	0	11.43
0	0	11.27
0	0	11.45
0	0	11.26
11	11	11.14
100	67	12.41
191	94	12.70
189	131	13.82
215	134	14.36
165	128	14.67
137	99	14.80
110	41	14.08
0	0	13.48
0	0	13.04
0	0	12.56
0	0	11.69
0	0	11.02
0	0	10.47
0	0	9.90
0	0	10.55
0	0	11.09
0	0	11.07
0	0	10.22
0	0	10.33
0	0	10.31
0	0	9.84
0	0	9.91
0	0	9.56
23	15	9.63
66	61	9.79
142	107	9.49
223	117	9.88
218	130	10.52
215	113	10.63
148	95	10.63
72	55	11.18
0	0	10.96
0	0	9.72
0	0	9.44
0	0	9.74
0	0	9.56
0	0	9.24
0	0	8.68
0	0	8.39
0	0	7.65
0	0	8.05
0	0	7.98
0	0	7.57
0	0	7.06
0	0	6.64
0	0	7.15
0	0	7.36
3	3	8.23
29	28	7.96
62	59	8.11
56	54	8.27
98	92	8.43
76	72	8.24
42	41	7.87
6	6	7.77
0	0	7.28
0	0	6.31
0	0	4.92
0	0	5.08
0	0	4.81
0	0	4.31
0	0	3.59
0	0	3.54
0	0	3.61
0	0	3.85
0	0	4.66
0	0	4.68
0	0	5.76
0	0	5.59
0	0	5.59
0	0	5.79
7	7	6.23
41	39	6.77
63	60	7.48
60	58	7.20
124	115	7.90
91	86	8.11
19	19	8.37
16	16	8.46
0	0	8.57
0	0	8.40
0	0	8.08
0	0	7.68
0	0	7.89
0	0	8.03
0	0	8.97
0	0	9.07
0	0	9.07
0	0	8.62
0	0	8.90
0	0	8.57
0	0	8.10
0	0	8.01
0	0	7.86
0	0	7.63
3	3	7.13
21	20	6.81
112	100	7.27
191	122	7.57
126	116	8.00
157	122	8.17
122	94	8.70
90	45	9.02
0	0	8.73
0	0	9.31
0	0	8.52
0	0	7.82
0	0	8.30
0	0	8.91
0	0	8.59
0	0	8.03
0	0	7.99
0	0	8.63
0	0	8.69
0	0	9.11
0	0	8.96
0	0	8.88
0	0	9.08
0	0	9.40
5	4	9.58
63	57	10.25
112	98	10.93
108	101	10.94
135	124	11.19
71	67	11.32
58	55	11.86
19	18	11.63
0	0	11.80
0	0	11.32
0	0	11.39
0	0	11.44
0	0	11.90
0	0	12.32
0	0	12.47
0	0	12.42
0	0	12.34
0	0	11.57
0	0	11.48
0	0	11.18
0	0	11.39
0	0	11.19
0	0	10.92
0	0	11.15
4	4	10.95
39	36	11.56
78	73	11.77
158	123	12.22
252	98	12.47
87	82	12.77
58	55	13.02
55	49	12.81
0	0	12.55
0	0	11.76
0	0	10.84
0	0	10.57
0	0	10.26
0	0	9.72
0	0	9.39
0	0	9.37
0	0	9.60
0	0	9.64
0	0	9.47
0	0	8.70
0	0	8.27
0	0	7.99
0	0	7.95
0	0	7.35
10	7	7.01
56	52	7.37
124	97	7.85
152	122	8.12
207	121	8.67
193	110	8.83
184	61	9.16
63	49	8.47
0	0	8.02
0	0	6.95
0	0	6.58
0	0	5.95
0	0	5.35
0	0	4.96
0	0	4.19
0	0	4.16
0	0	3.09
0	0	2.88
0	0	2.56
0	0	2.36
0	0	2.30
0	0	2.50
0	0	1.85
0	0	0.99
8	6	0.68
55	51	1.21
96	88	2.22
138	119	3.21
217	115	4.14
254	62	4.24
127	89	4.65
55	47	4.55
0	0	4.40
0	0	3.50
0	0	4.02
0	0	4.20
0	0	4.56
0	0	4.18
0	0	3.98
0	0	3.45
0	0	3.19
0	0	2.45
0	0	2.44
0	0	2.19
0	0	1.45
0	0	1.96
0	0	1.28
0	0	1.12
0	0	0.90
94	48	0.56
154	87	1.24
193	111	1.85
189	123	2.11
101	94	1.92
58	55	2.62
57	47	2.84
0	0	2.61
0	0	2.34
0	0	1.33
0	0	0.59
0	0	-0.04
0	0	-0.43
0	0	-1.10
0	0	-1.51
0	0	-1.33
0	0	-1.48
0	0	-1.88
0	0	-1.16
0	0	-1.56
0	0	-2.24
0	0	-2.02
0	0	-2.09
0	0	-1.99
36	34	-1.75
129	92	-1.32
144	117	-0.90
143	124	-0.88
99	92	-1.17
99	87	-0.98
20	19	-1.35
0	0	-1.10
0	0	-1.87
0	0	-1.96
0	0	-1.56
0	0	-0.99
0	0	-1.13
0	0	-1.23
0	0	-1.46
0	0	-3.57
0	0	-4.18
0	0	-4.03
0	0	-3.88
0	0	-4.28
0	0	-4.85
0	0	-4.55
0	0	-3.52
0	0	-3.46
38	36	-3.00
58	55	-2.93
164	115	-2.60
211	111	-1.95
186	106	-1.22
159	72	-0.63
50	44	-0.66
0	0	-0.67
0	0	-1.17
0	0	-1.79
0	0	-2.57
0	0	-3.18
0	0	-3.58
0	0	-3.98
0	0	-3.90
0	0	-4.80
0	0	-5.37
0	0	-5.59
0	0	-5.24
0	0	-4.70
0	0	-4.86
0	0	-4.99
0	0	-4.79
0	0	-4.95
63	50	-4.10
122	90	-3.69
153	115	-2.92
184	120	-2.54
240	65	-2.42
176	56	-2.31
81	37	-2.30
0	0	-2.69
0	0	-3.74
0	0	-4.20
0	0	-4.93
0	0	-5.45
0	0	-6.05
0	0	-6.21
0	0	-6.62
0	0	-7.13
0	0	-6.77
0	0	-6.03
0	0	-6.64
0	0	-7.19
0	0	-7.30
0	0	-7.38
0	0	-7.07
0	0	-7.09
55	48	-6.88
154	79	-5.72
153	114	-5.78
220	103	-5.68
148	112	-4.65
88	80	-4.97
48	43	-5.45
0	0	-6.37
0	0	-5.98
0	0	-5.97
0	0	-6.30
0	0	-6.31
0	0	-7.30
0	0	-7.48
0	0	-7.31
0	0	-7.27
0	0	-6.88
0	0	-7.28
0	0	-7.01
0	0	-7.21
0	0	-7.63
0	0	-7.52
0	0	-7.40
0	0	-7.28
54	47	-6.35
71	66	-6.51
117	107	-6.27
191	115	-6.14
178	105	-5.48
28	27	-5.19
48	43	-5.11
0	0	-4.53
0	0	-4.04
0	0	-3.78
0	0	-3.60
0	0	-4.25
0	0	-4.41
0	0	-4.02
0	0	-3.98
0	0	-3.56
0	0	-3.94
0	0	-4.53
0	0	-4.25
0	0	-4.01
0	0	-4.00
0	0	-3.55
0	0	-3.11
0	0	-3.32
44	41	-3.03
46	44	-2.40
86	80	-1.91
210	105	-1.70
98	91	-2.20
106	84	-1.88
58	43	-1.93
0	0	-2.34
0	0	-2.56
0	0	-2.80
0	0	-2.92
0	0	-3.74
0	0	-3.62
0	0	-4.61
0	0	-4.33
0	0	-4.45
0	0	-4.00
0	0	-3.20
0	0	-2.77
0	0	-2.45
0	0	-2.27
0	0	-1.92
0	0	-2.19
0	0	-1.14
20	20	-0.76
48	46	0.42
147	111	0.58
128	116	1.77
131	109	2.29
110	84	2.29
57	42	2.54
0	0	2.31
0	0	2.32
0	0	3.04
0	0	3.19
0	0	3.35
0	0	4.04
0	0	3.83
0	0	3.48
0	0	4.22
0	0	4.42
0	0	4.81
0	0	4.25
0	0	4.47
0	0	4.27
0	0	4.06
0	0	4.71
0	0	5.08
36	34	5.44
88	81	5.65
189	98	6.29
186	113	6.99
131	109	7.48
60	56	8.50
37	34	9.38
0	0	8.75
0	0	8.95
0	0	9.15
0	0	9.27
0	0	9.39
0	0	9.26
0	0	9.01
0	0	9.12
0	0	9.33
0	0	8.80
0	0	8.65
0	0	8.44
0	0	9.05
0	0	8.88
0	0	8.87
0	0	8.27
0	0	8.53
43	39	9.27
125	82	9.63
134	109	9.78
152	118	10.69
147	109	11.06
53	50	11.59
11	11	11.14
0	0	11.48
0	0	11.33
0	0	11.18
0	0	11.71
0	0	11.41
0	0	10.82
0	0	10.54
0	0	10.66
0	0	10.44
0	0	9.81
0	0	9.30
0	0	8.94
0	0	8.35
0	0	8.52
0	0	8.28
0	0	8.48
0	0	9.21
43	40	9.18
102	83	9.51
109	100	9.27
205	102	10.57
111	101	11.15
135	76	11.06
68	38	11.10
0	0	10.57
0	0	10.34
0	0	9.57
0	0	9.34
0	0	9.26
0	0	8.97
0	0	8.90
0	0	8.92
0	0	8.78
0	0	9.35
0	0	8.61
0	0	8.81
0	0	9.07
0	0	8.49
0	0	8.51
0	0	8.80
0	0	9.20
30	28	9.52
128	78	10.11
137	108	10.01
167	115	10.41
228	63	10.45
106	82	10.50
57	41	10.60
0	0	10.52
0	0	10.15
0	0	9.37
0	0	8.63
0	0	9.24
0	0	8.76
0	0	9.03
0	0	8.39
0	0	8.44
0	0	8.41
0	0	7.42
0	0	7.48
0	0	7.06
0	0	6.58
0	0	5.48
0	0	5.30
0	0	5.44
16	15	5.07
58	55	5.19
77	72	4.52
64	61	4.23
69	65	3.39
56	53	2.79
9	9	3.10
0	0	1.83
0	0	1.43
0	0	1.60
0	0	1.16
0	0	0.45
0	0	0.37
0	0	-0.10
0	0	-0.50
0	0	-0.58
0	0	-0.60
0	0	-0.18
0	0	0.09
0	0	1.13
0	0	1.34
0	0	2.03
0	0	1.78
0	0	2.02
9	9	3.13
11	11	3.55
47	45	4.06
65	62	4.44
34	34	5.05
24	23	5.62
2	2	5.60
0	0	5.94
0	0	6.76
0	0	7.47
0	0	7.24
0	0	8.04
0	0	8.03
0	0	8.41
0	0	8.24
0	0	8.66
0	0	8.56
0	0	8.07
0	0	6.83
0	0	6.51
0	0	5.45
0	0	5.02
0	0	4.50
0	0	4.04
20	19	3.38
21	21	3.50
32	31	3.47
70	66	3.48
58	56	2.81
26	26	2.76
21	20	2.93
0	0	2.51
0	0	1.35
0	0	0.77
0	0	0.17
0	0	-0.09
0	0	-0.37
0	0	-1.20
0	0	-2.14
0	0	-3.08
0	0	-2.89
0	0	-3.55
0	0	-3.90
0	0	-3.55
0	0	-3.55
0	0	-3.94
0	0	-3.46
0	0	-3.01
10	10	-2.38
74	68	-1.69
145	105	-1.25
140	114	-0.37
130	106	0.12
107	81	0.08
46	40	0.28
0	0	0.05
0	0	0.30
0	0	0.45
0	0	-0.27
0	0	0.18
0	0	0.43
0	0	0.14
0	0	0.93
0	0	0.66
0	0	0.93
0	0	0.29
0	0	1.08
0	0	0.79
0	0	0.62
0	0	0.45
0	0	0.89
0	0	1.26
33	30	1.41
42	40	1.11
161	101	2.01
192	103	3.60
79	75	3.54
43	41	4.03
35	32	4.08
0	0	3.55
0	0	3.61
0	0	2.90
0	0	1.93
0	0	2.53
0	0	2.57
0	0	3.24
0	0	3.16
0	0	3.70
0	0	3.55
0	0	2.91
0	0	2.69
0	0	2.68
0	0	2.27
0	0	2.29
0	0	2.31
0	0	2.19
30	28	3.10
69	64	3.15
46	44	3.09
60	58	3.55
115	103	3.64
91	80	3.87
40	36	4.09
0	0	4.12
0	0	4.34
0	0	4.44
0	0	4.13
0	0	3.90
0	0	4.13
0	0	4.12
0	0	4.16
0	0	3.80
0	0	3.85
0	0	3.48
0	0	2.81
0	0	2.07
0	0	1.30
0	0	0.63
0	0	0.91
0	0	0.69
16	15	0.56
41	39	0.09
120	103	0.58
93	87	0.63
105	96	0.38
90	80	0.68
61	40	0.12
0	0	-0.36
0	0	-1.58
0	0	-1.44
0	0	-1.84
0	0	-2.23
0	0	-2.67
0	0	-3.11
0	0	-2.77
0	0	-4.41
0	0	-3.94
0	0	-4.22
0	0	-4.69
0	0	-4.42
0	0	-4.86
0	0	-5.49
0	0	-5.53
0	0	-5.42
17	16	-5.75
31	30	-4.94
12	12	-5.13
40	39	-5.11
83	78	-4.91
51	49	-4.96
15	15	-4.57
0	0	-4.74
0	0	-4.91
0	0	-5.38
0	0	-5.16
0	0	-5.10
0	0	-5.59
0	0	-4.71
0	0	-5.02
0	0	-6.23
0	0	-5.89
0	0	-5.84
0	0	-5.36
0	0	-5.79
0	0	-5.81
0	0	-4.97
0	0	-5.04
0	0	-5.02
5	5	-5.12
14	14	-4.78
66	62	-4.34
84	79	-3.31
51	49	-3.23
33	32	-3.05
22	21	-2.58
0	0	-2.58
0	0	-2.48
0	0	-1.64
0	0	-1.84
0	0	-1.82
0	0	-1.44
0	0	-1.82
0	0	-1.91
0	0	-1.76
0	0	-1.71
0	0	-1.26
0	0	-0.45
0	0	0.47
0	0	0.52
0	0	1.19
0	0	1.47
0	0	2.10
5	5	3.43
32	31	3.83
22	22	4.03
41	40	3.96
38	37	3.91
32	31	3.80
7	7	4.30
0	0	4.88
0	0	5.73
0	0	6.84
0	0	6.30
0	0	6.31
0	0	6.40
0	0	6.60
0	0	7.46
0	0	7.87
0	0	8.01
0	0	8.51
0	0	8.56
0	0	7.72
0	0	7.74
0	0	7.26
0	0	6.30
0	0	5.77
19	19	5.64
118	72	5.21
65	62	5.40
135	113	4.97
90	84	5.35
78	72	5.12
28	27	4.55
0	0	4.19
0	0	3.39
0	0	2.75
0	0	2.64
0	0	2.39
0	0	2.71
0	0	3.17
0	0	3.01
0	0	2.62
0	0	2.76
0	0	3.20
0	0	3.42
0	0	3.61
0	0	3.62
0	0	3.64
0	0	3.52
0	0	3.34
34	31	3.69
68	63	4.62
96	88	4.74
93	87	4.94
138	106	5.13
125	79	5.02
39	36	5.14
0	0	4.71
0	0	4.93
0	0	4.43
0	0	4.29
0	0	3.36
0	0	2.71
0	0	2.62
0	0	2.34
0	0	2.50
0	0	2.48
0	0	3.44
0	0	3.65
0	0	3.60
0	0	3.91
0	0	3.98
0	0	4.56
0	0	4.35
10	10	4.90
77	71	5.21
125	103	6.13
80	75	7.17
104	96	7.27
24	23	7.63
47	42	8.10
0	0	8.64
0	0	8.80
0	0	9.01
0	0	9.55
0	0	9.28
0	0	9.26
0	0	9.88
0	0	10.21
0	0	11.24
0	0	10.30
0	0	10.58
0	0	10.75
0	0	10.40
0	0	9.65
0	0	9.54
0	0	9.48
0	0	9.10
15	14	9.11
48	46	9.14
128	103	9.15
146	114	9.06
28	28	9.44
53	50	10.18
10	10	10.12
0	0	9.48
0	0	9.41
0	0	9.26
0	0	8.47
0	0	8.38
0	0	7.65
0	0	7.58
0	0	7.24
0	0	6.52
0	0	6.00
0	0	5.92
0	0	6.33
0	0	5.77
0	0	5.30
0	0	4.95
0	0	5.09
0	0	5.26
9	9	5.45
6	6	5.33
24	24	5.03
62	59	5.02
56	53	6.08
21	20	5.80
7	7	5.02
0	0	4.93
0	0	4.41
0	0	4.18
0	0	4.40
0	0	3.91
0	0	3.67
0	0	4.05
0	0	3.76
0	0	3.83
0	0	4.65
0	0	4.80
0	0	4.26
0	0	3.50
0	0	3.64
0	0	3.95
0	0	3.93
0	0	3.89
16	15	4.71
25	24	4.65
161	98	4.80
97	90	5.10
129	107	5.19
57	54	5.42
30	28	5.31
0	0	5.28
0	0	5.87
0	0	5.54
0	0	5.51
0	0	5.16
0	0	4.85
0	0	4.65
0	0	4.64
0	0	4.36
0	0	3.90
0	0	3.18
0	0	3.20
0	0	3.65
0	0	4.14
0	0	3.63
0	0	3.40
0	0	3.33
2	2	4.34
67	62	5.00
87	81	4.97
39	37	5.60
47	45	4.96
31	30	4.90
28	27	5.41
0	0	5.13
0	0	5.27
0	0	5.83
0	0	5.72
0	0	6.15
0	0	6.66
0	0	6.99
0	0	6.46
0	0	6.95
0	0	6.70
0	0	6.46
0	0	6.14
0	0	5.80
0	0	5.50
0	0	5.05
0	0	4.21
0	0	4.05
15	15	3.75
55	52	3.86
45	43	3.26
89	83	3.45
66	63	3.70
64	60	3.98
38	35	4.05
0	0	3.54
0	0	3.23
0	0	2.99
0	0	2.81
0	0	3.28
0	0	2.86
0	0	3.52
0	0	3.52
0	0	3.10
0	0	3.48
0	0	3.97
0	0	3.89
0	0	3.97
0	0	3.48
0	0	3.51
0	0	3.24
0	0	2.76
2	2	2.88
7	7	3.32
38	37	3.35
71	68	3.81
63	60	4.62
30	30	4.68
13	13	4.77
0	0	4.60
0	0	4.39
0	0	4.36
0	0	3.86
0	0	4.67
0	0	5.57
0	0	5.65
0	0	5.85
0	0	5.56
0	0	5.96
0	0	6.44
0	0	6.31
0	0	6.90
0	0	7.11
0	0	7.33
0	0	7.96
0	0	8.64
6	6	9.28
24	24	9.32
48	46	9.40
98	91	10.37
65	62	11.35
41	40	11.04
9	9	10.75
0	0	10.11
0	0	9.90
0	0	9.82
0	0	9.20
0	0	9.27
0	0	9.81
0	0	10.30
0	0	10.26
0	0	10.69
0	0	10.48
0	0	10.65
0	0	10.72
0	0	10.55
0	0	9.62
0	0	9.85
0	0	9.93
0	0	9.54
21	20	9.68
38	37	10.36
51	49	10.25
136	116	10.17
147	111	9.70
85	78	9.99
28	27	9.76
0	0	9.68
0	0	9.49
0	0	9.63
0	0	9.13
0	0	8.85
0	0	8.25
0	0	8.68
0	0	9.11
