0	0	9.30
0	0	8.80
0	0	8.30
0	0	8.10
0	0	7.90
0	0	7.70
0	0	7.60
0	0	7.50
0	4	7.70
8	43	9.10
55	63	10.40
119	72	11.50
140	85	12.20
163	90	12.60
146	79	12.60
85	43	12.10
22	1	11.40
0	0	10.70
0	0	10.10
0	0	9.50
0	0	8.90
0	0	8.30
0	0	7.60
0	0	7.00
0	0	5.80
0	0	4.40
0	0	3.10
0	0	2.30
0	0	1.60
0	0	0.80
0	0	0.30
0	0	-0.30
0	5	-0.30
10	35	1.50
80	43	3.00
156	47	4.40
201	46	5.20
210	45	5.60
176	57	5.60
108	41	4.80
29	5	3.50
0	0	3.00
0	0	2.50
0	0	2.00
0	0	1.60
0	0	1.10
0	0	0.60
0	0	0.10
0	0	0.20
0	0	0.40
0	0	0.60
0	0	0.70
0	0	0.80
0	0	0.90
0	0	1.00
0	0	1.10
0	3	1.30
2	54	2.90
13	95	4.30
26	120	5.20
32	127	5.90
34	115	6.30
31	87	6.30
19	43	5.90
5	1	5.10
0	0	4.80
0	0	4.60
0	0	4.40
0	0	4.20
0	0	3.90
0	0	3.70
0	0	3.50
0	0	3.10
0	0	2.40
0	0	2.00
0	0	1.80
0	0	1.50
0	0	1.30
0	0	1.10
0	0	0.90
0	4	0.90
4	39	1.40
25	67	1.80
62	75	2.00
45	84	2.10
25	73	2.20
53	55	2.10
32	27	1.90
10	1	1.60
0	0	1.30
0	0	1.10
0	0	0.80
0	0	0.60
0	0	0.30
0	0	0.00
0	0	-0.60
0	0	-0.30
0	0	-0.30
0	0	-0.30
0	0	-0.40
0	0	-0.30
0	0	-0.30
0	0	-0.30
0	0	-0.30
0	2	-0.20
11	35	0.60
74	63	1.40
134	84	2.10
177	92	2.50
161	84	2.80
124	66	2.90
72	33	2.60
21	1	2.10
0	0	1.80
0	0	1.50
0	0	1.20
0	0	0.90
0	0	0.50
0	0	0.30
0	0	-0.30
0	0	-0.40
0	0	-0.90
0	0	-1.40
0	0	-1.70
0	0	-1.90
0	0	-2.10
0	0	-2.30
0	0	-2.50
0	2	-2.50
3	40	-1.90
21	73	-1.30
39	92	-0.90
75	100	-0.60
80	97	-0.50
67	74	-0.50
62	39	-0.70
17	2	-1.20
0	0	-1.40
0	0	-1.70
0	0	-1.90
0	0	-2.20
0	0	-2.50
0	0	-2.70
0	0	-3.00
0	0	-3.00
0	0	-3.10
0	0	-3.10
0	0	-3.10
0	0	-3.10
0	0	-3.10
0	0	-3.10
0	0	-3.10
0	5	-2.80
9	52	-0.90
47	105	0.80
55	117	2.30
38	128	3.40
30	108	4.00
35	103	3.90
38	55	3.10
20	2	2.00
0	0	1.70
0	0	1.40
0	0	1.10
0	0	0.80
0	0	0.50
0	0	0.10
0	0	-0.20
0	0	-0.80
0	0	-1.20
0	0	-1.70
0	0	-2.00
0	0	-2.30
0	0	-2.60
0	0	-2.80
0	0	-3.00
0	2	-3.00
2	41	-2.30
11	49	-2.00
13	33	-2.10
12	30	-2.10
18	121	-1.20
20	82	-0.80
14	50	-0.70
5	8	-1.20
0	0	-1.60
0	0	-2.00
0	0	-2.30
0	0	-2.70
0	0	-3.00
0	0	-3.40
0	0	-3.80
0	0	-4.00
0	0	-4.20
0	0	-4.40
0	0	-4.50
0	0	-4.60
0	0	-4.80
0	0	-4.90
0	0	-4.90
0	3	-4.80
1	42	-4.00
9	74	-3.30
17	99	-2.70
39	96	-2.30
62	86	-2.20
32	80	-2.10
22	36	-2.40
7	2	-3.00
0	0	-3.10
0	0	-3.20
0	0	-3.50
0	0	-3.50
0	0	-3.50
0	0	-3.60
0	0	-3.80
0	0	-3.80
0	0	-3.80
0	0	-3.90
0	0	-3.90
0	0	-3.90
0	0	-3.90
0	0	-3.90
0	0	-3.90
0	3	-3.80
1	35	-3.00
24	66	-2.20
28	82	-1.60
86	74	-1.30
172	81	-1.00
170	60	-1.00
97	38	-1.20
21	4	-1.70
0	0	-1.90
0	0	-2.10
0	0	-2.50
0	0	-2.20
0	0	-2.40
0	0	-2.50
0	0	-2.60
0	0	-2.80
0	0	-2.90
0	0	-3.00
0	0	-3.10
0	0	-3.10
0	0	-3.10
0	0	-3.10
0	0	-3.20
0	2	-3.00
5	55	-1.60
33	103	-0.30
85	135	0.90
129	148	1.70
134	137	2.20
126	101	2.30
79	57	1.90
29	4	1.10
0	0	0.50
0	0	-0.10
0	0	-0.60
0	0	-1.20
0	0	-1.80
0	0	-2.40
0	0	-2.90
0	0	-4.00
0	0	-5.40
0	0	-6.70
0	0	-7.50
0	0	-8.20
0	0	-9.00
0	0	-9.60
0	0	-10.20
0	13	-10.10
12	61	-9.40
76	85	-8.70
148	112	-7.80
197	130	-7.50
210	121	-8.00
178	104	-8.30
121	72	-8.80
44	6	-9.70
0	0	-9.90
0	0	-10.20
0	0	-10.50
0	0	-10.70
0	0	-11.00
0	0	-11.30
0	0	-11.50
0	0	-11.10
0	0	-10.80
0	0	-9.70
0	0	-9.20
0	0	-8.80
0	0	-8.40
0	0	-8.10
0	0	-7.80
0	2	-7.50
7	28	-6.20
33	54	-5.00
68	63	-4.10
103	67	-3.40
114	58	-3.10
127	45	-3.00
88	24	-3.30
35	2	-3.90
0	0	-3.80
0	0	-3.80
0	0	-3.80
0	0	-3.80
0	0	-3.90
0	0	-3.70
0	0	-3.70
0	0	-4.10
0	0	-4.50
0	0	-4.90
0	0	-5.10
0	0	-5.40
0	0	-5.60
0	0	-5.80
0	0	-5.90
0	2	-5.90
9	40	-5.40
42	72	-4.60
68	93	-4.10
78	104	-3.80
126	96	-3.60
103	81	-3.60
40	47	-3.80
12	4	-4.20
0	0	-4.70
0	0	-5.00
0	0	-5.40
0	0	-5.80
0	0	-6.10
0	0	-6.50
0	0	-6.90
0	0	-7.50
0	0	-7.50
0	0	-7.80
0	0	-8.00
0	0	-8.20
0	0	-8.30
0	0	-8.50
0	0	-8.60
0	2	-8.50
12	47	-7.70
71	73	-7.10
119	101	-6.60
194	105	-6.20
220	95	-6.10
198	47	-6.30
135	38	-6.60
51	6	-7.00
1	0	-7.10
0	0	-7.10
0	0	-7.20
0	0	-7.30
0	0	-7.30
0	0	-7.30
0	0	-7.40
0	0	-7.30
0	0	-7.20
0	0	-7.10
0	0	-6.90
0	0	-6.80
0	0	-6.70
0	0	-6.60
0	0	-6.50
0	3	-6.30
17	14	-5.90
95	25	-5.50
177	33	-5.20
228	35	-4.90
239	137	-2.50
207	63	-1.20
140	77	-0.80
54	10	-1.60
1	0	-1.80
0	0	-1.90
0	0	-2.10
0	0	-2.30
0	0	-2.40
0	0	-2.60
0	0	-2.70
0	0	-3.20
0	0	-3.60
0	0	-4.10
0	0	-4.30
0	0	-4.50
0	0	-4.80
0	0	-4.90
0	0	-5.10
0	5	-4.90
16	77	-2.20
87	47	0.30
169	55	2.50
223	54	3.90
234	55	4.60
204	62	4.60
137	83	3.60
54	4	1.80
2	0	1.60
0	0	1.30
0	0	1.10
0	0	0.80
0	0	0.60
0	0	0.30
0	0	0.10
0	0	-0.10
0	0	-0.20
0	0	-0.40
0	0	-0.40
0	0	-0.50
0	0	-0.50
0	0	-0.50
0	0	-0.60
0	3	-0.40
11	14	-0.10
69	25	0.30
158	40	0.60
220	54	1.00
203	145	3.60
140	46	4.90
92	86	5.30
42	18	4.40
2	0	4.20
0	0	4.00
0	0	3.80
0	0	3.70
0	0	3.50
0	0	3.30
0	0	3.10
0	0	2.80
0	0	2.50
0	0	2.20
0	0	2.10
0	0	2.00
0	0	1.80
0	0	1.80
0	0	1.70
0	3	1.80
8	12	2.10
41	22	2.30
81	28	2.60
134	31	2.70
138	135	5.00
131	62	6.50
71	116	7.10
33	25	6.30
1	0	6.00
0	0	5.60
0	0	5.30
0	0	4.90
0	0	4.50
0	0	4.20
0	0	3.80
0	0	3.40
0	0	2.90
0	0	2.40
0	0	2.10
0	0	1.80
0	0	1.50
0	0	1.40
0	0	1.20
0	3	1.30
20	21	1.60
98	24	1.70
165	42	2.00
196	55	2.20
176	136	4.10
121	67	4.90
67	81	5.10
25	15	4.40
1	0	4.20
0	0	4.10
0	0	3.90
0	0	3.70
0	0	3.60
0	0	3.40
0	0	3.30
0	0	3.30
0	0	3.30
0	0	3.40
0	0	3.40
0	0	3.50
0	0	3.50
0	0	3.60
0	0	3.60
0	3	3.80
21	51	5.50
103	112	7.10
181	148	8.60
231	170	9.80
253	159	10.60
217	119	10.70
149	70	10.20
65	8	9.10
4	0	8.80
0	0	8.40
0	0	8.10
0	0	7.70
0	0	7.30
0	0	7.00
0	0	6.60
0	0	6.00
0	0	5.50
0	0	4.90
0	0	4.70
0	0	4.40
0	0	4.20
0	0	4.00
0	0	3.90
0	5	4.10
2	66	6.00
17	123	7.50
33	117	9.20
40	144	10.30
51	97	11.70
73	45	12.30
66	108	12.20
42	18	10.90
3	0	10.00
0	0	9.20
0	0	8.30
0	0	7.40
0	0	6.60
0	0	5.70
0	0	4.90
0	0	3.90
0	0	2.80
0	0	1.80
0	0	1.20
0	0	0.70
0	0	0.10
0	0	-0.20
0	0	-0.60
0	16	0.00
15	102	3.20
51	67	6.00
103	72	8.10
119	74	9.70
123	73	10.60
86	66	10.70
66	109	9.90
32	26	7.90
3	0	6.70
0	0	5.50
0	0	4.30
0	0	3.10
0	0	1.90
0	0	0.70
0	0	-0.50
0	0	-1.60
0	0	-2.80
0	0	-4.00
0	0	-4.70
0	0	-5.40
0	0	-6.10
0	0	-6.60
0	0	-7.10
0	9	-6.90
25	69	-4.90
105	72	-2.90
189	118	-1.60
243	150	-0.90
256	97	0.10
226	57	0.40
166	110	0.20
71	39	-1.30
7	0	-1.60
0	0	-1.90
0	0	-2.10
0	0	-2.40
0	0	-2.70
0	0	-3.00
0	0	-3.30
0	0	-2.90
0	0	-2.50
0	0	-2.10
0	0	-1.80
0	0	-1.60
0	0	-1.30
0	0	-1.10
0	0	-1.00
0	4	-0.70
9	17	0.10
36	32	-0.10
60	41	1.10
70	42	1.80
95	38	2.00
90	31	1.90
55	23	2.10
31	8	1.40
3	0	1.30
0	0	1.40
0	0	1.50
0	0	1.50
0	0	1.50
0	0	1.60
0	0	1.70
0	0	1.40
0	0	1.20
0	0	1.00
0	0	0.90
0	0	0.80
0	0	0.70
0	0	0.60
0	0	0.60
0	17	1.50
13	70	3.80
49	116	5.00
104	150	6.10
129	143	8.30
134	123	9.80
130	66	10.70
93	56	10.80
51	37	9.70
7	0	8.10
0	0	7.80
0	0	7.60
0	0	7.30
0	0	7.00
0	0	6.70
0	0	6.40
0	0	6.10
0	0	5.70
0	0	5.30
0	0	5.10
0	0	4.90
0	0	4.70
0	0	4.60
0	0	4.40
0	4	4.50
27	25	4.80
99	44	5.10
174	56	5.20
206	62	5.40
186	57	4.90
157	48	5.50
116	31	5.10
55	10	5.10
6	0	4.90
0	0	4.60
0	0	4.10
0	0	3.90
0	0	3.60
0	0	3.30
0	0	2.90
0	0	2.60
0	0	2.10
0	0	1.60
0	0	1.50
0	0	1.30
0	0	1.00
0	0	0.90
0	0	0.70
0	8	1.00
7	64	2.10
49	69	2.50
144	114	3.20
236	137	3.70
203	119	4.00
112	90	3.90
46	51	3.60
15	21	3.10
5	0	2.60
0	0	2.30
0	0	2.10
0	0	1.90
0	0	1.60
0	0	1.40
0	0	1.10
0	0	1.00
0	0	1.00
0	0	0.90
0	0	0.90
0	0	0.90
0	0	0.90
0	0	0.90
0	0	0.90
0	4	1.20
17	72	3.10
56	116	4.50
83	162	6.60
130	162	8.40
143	166	9.00
171	135	9.00
124	81	8.30
52	42	7.50
11	1	6.30
0	0	6.20
0	0	6.00
0	0	5.80
0	0	5.60
0	0	5.40
0	0	5.20
0	0	4.90
0	0	4.50
0	0	4.20
0	0	4.00
0	0	3.80
0	0	3.70
0	0	3.50
0	0	3.40
0	5	3.70
8	31	4.30
21	54	4.90
35	56	5.20
43	37	5.30
48	156	7.70
33	70	9.00
24	56	9.40
17	40	8.80
5	0	7.90
0	0	7.70
0	0	7.40
0	0	7.20
0	0	7.00
0	0	6.80
0	0	6.50
0	0	6.30
0	0	6.10
0	0	5.90
0	0	5.90
0	0	5.80
0	0	5.80
0	0	5.70
0	0	5.70
0	6	6.00
12	68	7.40
46	109	8.40
75	158	9.60
100	181	11.00
111	183	12.00
102	139	12.50
83	17	11.30
32	7	10.40
4	0	9.60
0	0	9.40
0	0	9.30
0	0	9.20
0	0	9.10
0	0	8.90
0	0	8.80
0	0	8.50
0	0	8.10
0	0	7.70
0	0	7.50
0	0	7.30
0	0	7.10
0	0	7.00
0	0	6.90
0	5	7.00
13	68	8.20
39	56	8.30
64	146	9.10
49	181	10.00
38	160	10.30
28	121	10.30
21	92	10.30
11	61	10.10
2	2	9.50
0	0	9.10
0	0	8.70
0	0	8.30
0	0	7.80
0	0	7.50
0	0	7.10
0	0	6.80
0	0	6.50
0	0	6.20
0	0	6.00
0	0	5.90
0	0	5.80
0	0	5.80
0	0	5.80
0	34	6.60
11	93	7.80
32	124	8.30
45	161	9.20
50	193	10.30
66	67	9.70
77	29	9.10
33	19	8.60
25	48	8.30
3	0	7.90
0	0	7.50
0	0	7.20
0	0	6.80
0	0	6.40
0	0	6.10
0	0	5.70
0	0	5.00
0	0	4.10
0	0	3.80
0	0	3.50
0	0	3.20
0	0	3.00
0	0	2.80
0	0	2.70
0	16	2.90
17	75	3.40
39	129	4.10
69	112	4.40
93	120	4.60
104	100	4.60
139	114	4.70
100	87	4.70
57	40	4.40
11	2	4.00
0	0	3.50
0	0	3.00
0	0	2.40
0	0	1.90
0	0	1.30
0	0	0.70
0	0	-0.10
0	0	-1.10
0	0	-2.10
0	0	-2.60
0	0	-3.20
0	0	-3.60
0	0	-3.90
0	0	-4.00
0	31	-3.40
42	88	-2.40
134	116	-1.70
196	142	-1.00
239	186	-0.80
279	171	-0.90
209	66	-1.50
145	19	-2.20
88	12	-2.80
23	1	-3.30
0	0	-3.20
0	0	-3.10
0	0	-3.00
0	0	-2.80
0	0	-2.70
0	0	-2.60
0	0	-2.30
0	0	-1.80
0	0	-1.40
0	0	-1.10
0	0	-1.00
0	0	-0.70
0	0	-0.40
0	0	-0.30
0	7	0.00
34	20	0.40
88	28	0.70
200	35	1.00
257	38	1.30
306	171	3.50
288	125	4.80
234	93	5.40
131	46	5.30
30	1	4.60
0	0	4.40
0	0	4.20
0	0	3.90
0	0	3.70
0	0	3.50
0	0	3.20
0	0	2.50
0	0	1.80
0	0	1.00
0	0	0.60
0	0	0.20
0	0	-0.10
0	0	-0.40
0	0	-0.50
0	6	-0.50
19	18	-0.40
41	27	-0.30
62	33	-0.30
68	48	-0.50
70	181	0.70
65	134	1.20
61	97	1.40
37	45	1.20
7	1	0.80
0	0	0.70
0	0	0.50
0	0	0.40
0	0	0.20
0	0	0.10
0	0	0.00
0	0	0.10
0	0	0.30
0	0	0.50
0	0	0.60
0	0	0.70
0	0	0.80
0	0	0.90
0	0	0.90
0	14	1.10
15	42	1.90
44	72	2.60
74	90	3.20
77	90	3.50
81	92	3.90
79	73	4.00
57	44	4.00
32	20	3.70
8	1	3.40
0	0	3.20
0	0	3.00
0	0	2.70
0	0	2.50
0	0	1.80
0	0	2.00
0	0	1.10
0	0	0.10
0	0	-1.00
0	0	-1.60
0	0	-2.10
0	0	-2.60
0	0	-3.00
0	0	-3.00
1	35	-2.70
58	96	-2.10
151	149	-1.50
239	185	-0.90
306	199	-0.60
347	184	-0.40
319	151	-0.40
245	103	-0.60
138	49	-1.00
38	1	-1.60
0	0	-2.10
0	0	-2.70
0	0	-3.30
0	0	-4.00
0	0	-4.50
0	0	-5.10
0	0	-5.30
0	0	-5.50
0	0	-5.80
0	0	-5.90
0	0	-6.00
0	0	-6.10
0	0	-6.20
0	0	-6.20
2	40	-5.30
52	104	-3.80
164	165	-2.40
269	205	-1.10
329	218	-0.20
333	208	0.30
261	173	0.50
160	119	0.30
81	55	-0.40
22	1	-1.40
0	0	-1.50
0	0	-1.70
0	0	-1.80
0	0	-2.00
0	0	-2.10
0	0	-2.20
0	0	-2.30
0	0	-2.60
0	0	-2.50
0	0	-2.60
0	0	-2.60
0	0	-2.60
0	0	-2.60
0	0	-2.50
2	10	-2.30
52	87	-1.30
109	118	-0.50
214	185	0.60
183	141	1.00
148	147	1.30
183	110	1.40
180	56	1.10
129	10	0.60
23	1	0.10
0	0	-0.20
0	0	-0.90
0	0	-0.80
0	0	-1.00
0	0	-1.30
0	0	-1.50
0	0	-1.90
0	0	-2.30
0	0	-2.70
0	0	-2.80
0	0	-3.00
0	0	-3.10
0	0	-3.30
0	0	-3.20
3	44	-2.30
52	109	-0.80
131	171	0.80
133	212	2.10
235	229	3.20
230	179	3.90
176	183	4.20
206	126	3.90
143	65	3.20
47	3	2.20
0	0	1.60
0	0	1.00
0	0	0.40
0	0	-0.20
0	0	-0.70
0	0	-1.30
0	0	-1.90
0	0	-2.60
0	0	-3.30
0	0	-3.70
0	0	-4.10
0	0	-4.40
0	0	-4.60
0	0	-4.70
4	49	-3.80
57	90	-2.30
154	127	-0.80
239	215	0.40
248	231	1.20
237	220	1.60
204	181	1.70
153	99	1.60
128	60	0.80
45	1	-0.30
0	0	-0.40
0	0	-0.40
0	0	-0.50
0	0	-0.60
0	0	-0.70
0	0	-0.80
0	0	-0.60
0	0	-0.30
0	0	0.10
0	0	0.20
0	0	0.40
0	0	0.60
0	0	0.70
0	0	0.80
6	34	1.70
88	87	2.90
204	127	4.00
277	150	4.90
260	160	5.60
228	153	6.10
139	132	6.30
86	93	6.30
49	41	5.80
19	2	5.20
0	0	4.80
0	0	4.10
0	0	3.90
0	0	3.40
0	0	2.90
0	0	2.60
0	0	1.10
0	0	-0.60
0	0	-2.30
0	0	-3.20
0	0	-4.10
0	0	-4.80
0	0	-5.40
0	1	-5.70
4	39	-5.50
29	96	-5.20
61	153	-5.00
76	195	-4.70
144	213	-4.60
103	192	-4.50
105	150	-4.70
81	101	-4.90
53	51	-5.30
20	2	-5.80
0	0	-6.40
0	0	-7.00
0	0	-7.60
0	0	-8.10
0	0	-8.70
0	0	-9.30
0	0	-9.20
0	0	-9.10
0	0	-9.00
0	0	-8.90
0	0	-8.90
0	0	-8.80
0	0	-8.80
0	1	-8.70
7	50	-7.20
61	101	-5.20
130	146	-3.40
155	163	-1.50
169	184	-0.30
191	185	0.50
249	141	0.90
223	91	0.90
160	70	0.10
58	6	-1.30
1	0	-1.40
0	0	-1.50
0	0	-1.70
0	0	-1.80
0	0	-1.90
0	0	-2.00
0	0	-2.20
0	0	-2.30
0	0	-2.50
0	0	-2.50
0	0	-2.60
0	0	-2.60
0	0	-2.60
0	4	-2.50
3	66	-0.60
28	65	-0.40
63	164	1.00
81	203	2.70
81	155	4.70
101	214	5.40
77	182	5.60
69	117	5.00
41	13	3.90
37	15	2.90
1	0	2.60
0	0	2.20
0	0	1.80
0	0	1.50
0	0	1.10
0	0	0.70
0	0	0.20
0	0	-0.30
0	0	-0.90
0	0	-1.10
0	0	-1.40
0	0	-1.60
0	0	-1.70
0	2	-1.70
8	37	0.40
61	45	3.00
144	49	5.40
185	50	7.50
236	52	9.10
263	50	10.20
230	50	10.70
166	46	10.50
110	85	9.40
46	9	7.60
1	0	6.70
0	0	5.80
0	0	5.00
0	0	4.10
0	0	3.20
0	0	2.30
0	0	1.40
0	0	0.50
0	0	-0.50
0	0	-1.00
0	0	-1.60
0	0	-1.90
0	0	-2.30
0	1	-2.40
8	50	-1.70
72	119	-0.80
93	174	0.10
192	209	0.80
305	214	1.30
348	210	1.50
320	189	1.70
254	133	1.60
147	70	1.10
58	6	0.40
2	0	-0.20
0	0	-0.70
0	0	-1.20
0	0	-1.80
0	0	-2.30
0	0	-2.80
0	0	-3.00
0	0	-3.20
0	0	-3.40
0	0	-3.40
0	0	-3.50
0	0	-3.60
0	0	-3.60
0	3	-3.50
12	40	-1.20
52	52	1.40
53	56	3.90
63	66	6.10
155	59	7.80
260	57	8.90
298	61	9.50
259	54	9.20
150	86	8.00
48	10	6.20
2	0	5.90
0	0	5.70
0	0	5.40
0	0	5.10
0	0	4.80
0	0	4.60
0	0	4.30
0	0	4.00
0	0	3.70
0	0	3.50
0	0	3.30
0	0	3.20
0	0	3.10
0	2	3.20
12	50	4.00
60	117	5.20
111	156	6.10
216	187	6.90
236	197	7.50
233	189	7.90
143	169	8.00
69	115	7.90
71	57	7.30
39	3	6.50
2	0	6.40
0	0	6.10
0	0	5.80
0	0	5.60
0	0	5.30
0	0	5.00
0	0	4.80
0	0	4.70
0	0	4.70
0	0	4.70
0	0	4.70
0	0	4.70
0	0	4.70
0	3	4.90
16	50	6.80
88	73	9.10
198	61	11.60
282	61	13.60
214	63	15.20
232	99	15.10
301	118	15.10
232	103	15.10
131	86	15.10
64	3	13.70
4	0	13.20
0	0	12.60
0	0	12.10
0	0	11.50
0	0	11.00
0	0	10.40
0	0	9.40
0	0	8.40
0	0	7.30
0	0	6.80
0	0	6.30
0	0	5.90
0	0	5.50
0	5	5.70
17	80	7.20
93	118	8.80
173	126	10.70
200	130	12.30
200	208	13.30
182	146	14.30
117	151	14.60
66	144	14.10
59	88	13.30
31	3	12.00
1	0	10.80
0	0	9.60
0	0	8.40
0	0	7.30
0	0	6.10
0	0	4.90
0	0	3.90
0	0	2.80
0	0	1.70
0	0	1.10
0	0	0.50
0	0	0.10
0	0	-0.30
0	4	-0.30
11	79	1.80
42	57	4.10
77	61	6.30
75	70	8.10
52	91	9.50
49	114	10.10
30	109	10.40
16	54	10.20
12	91	9.20
6	19	7.60
0	0	6.60
0	0	5.70
0	0	4.70
0	0	3.70
0	0	2.80
0	0	1.80
0	0	1.20
0	0	0.50
0	0	-0.20
0	0	-0.50
0	0	-0.90
0	0	-1.10
0	0	-1.40
0	7	-1.20
14	82	1.40
61	48	4.10
115	49	6.70
174	53	8.90
187	55	10.60
170	54	11.60
147	50	12.00
104	47	11.80
67	94	10.50
27	18	8.60
2	0	8.00
0	0	7.30
0	0	6.70
0	0	6.10
0	0	5.40
0	0	4.80
0	0	4.30
0	0	3.90
0	0	3.50
0	0	3.20
0	0	3.00
0	0	2.90
0	0	2.70
0	2	2.80
20	12	2.70
95	24	3.20
185	34	3.40
233	41	3.60
257	53	3.70
247	229	5.50
221	226	6.50
223	167	7.00
163	83	7.00
82	15	6.50
9	0	5.90
0	0	5.20
0	0	4.60
0	0	4.00
0	0	3.30
0	0	2.70
0	0	2.00
0	0	1.30
0	0	0.50
0	0	0.10
0	0	-0.30
0	0	-0.60
0	0	-0.90
0	3	-0.90
21	29	-0.60
89	37	-0.30
153	33	-0.30
126	76	0.00
155	105	0.30
138	220	2.00
150	161	3.10
154	112	3.60
134	84	3.50
75	21	2.80
9	0	2.80
0	0	2.80
0	0	2.90
0	0	2.90
0	0	2.90
0	0	2.90
0	0	3.20
0	0	3.50
0	0	3.80
0	0	3.90
0	0	4.10
0	0	4.20
0	0	4.40
0	2	4.50
22	22	5.10
74	47	5.80
164	58	6.20
278	79	6.80
347	82	7.20
356	81	7.50
337	70	7.60
235	51	7.40
157	30	7.40
59	4	7.10
7	0	6.80
0	0	6.70
0	0	6.40
0	0	6.10
0	0	5.20
0	0	5.40
0	0	5.10
0	0	4.40
0	0	3.70
0	0	3.30
0	0	2.90
0	0	2.70
0	0	2.40
0	6	2.50
17	73	3.90
83	133	5.10
205	202	6.50
304	231	7.60
316	239	9.50
365	252	10.20
294	210	10.40
264	155	10.40
214	107	10.30
87	48	9.20
13	0	8.40
0	0	7.70
0	0	6.90
0	0	6.10
0	0	5.40
0	0	4.60
0	0	4.10
0	0	3.50
0	0	2.90
0	0	2.60
0	0	2.30
0	0	2.10
0	0	1.90
0	12	2.20
4	78	3.20
24	70	3.40
45	201	4.70
123	226	6.20
185	283	7.20
262	267	7.70
392	233	8.00
353	148	8.10
235	90	7.50
103	5	6.50
12	0	5.70
0	0	5.30
0	0	4.80
0	0	4.40
0	0	4.00
0	0	3.50
0	0	3.00
0	0	2.90
0	0	2.60
0	0	2.40
0	0	2.30
0	0	2.20
0	0	2.10
0	7	2.30
46	62	3.00
169	151	4.20
279	209	5.60
332	267	6.60
348	267	7.30
363	185	7.20
341	185	7.10
236	86	6.60
149	23	5.90
102	5	5.30
16	0	4.70
0	0	4.30
0	0	4.00
0	0	3.60
0	0	3.30
0	0	2.90
0	0	2.50
0	0	2.10
0	0	1.70
0	0	1.40
0	0	1.20
0	0	1.10
0	0	0.90
0	7	1.00
19	58	1.60
62	85	1.90
113	110	2.20
200	136	2.50
227	129	2.70
208	122	2.70
266	103	2.70
235	71	2.60
182	46	2.40
93	16	2.10
17	0	1.80
0	0	1.40
0	0	0.90
0	0	0.20
0	0	0.30
0	0	0.00
0	0	-0.20
0	0	-0.50
0	0	-0.70
0	0	-0.80
0	0	-0.90
0	0	-1.00
0	0	-1.10
0	6	-0.90
19	40	-0.60
62	62	-0.40
141	105	0.40
135	149	0.90
98	153	1.30
133	144	1.60
111	135	1.70
71	113	1.70
46	72	1.60
33	23	1.30
6	0	0.90
0	0	0.50
0	0	0.10
0	0	-0.30
0	0	-0.70
0	0	-1.10
0	0	-1.50
0	0	-1.80
0	0	-2.20
0	0	-2.40
0	0	-2.60
0	0	-2.70
0	0	-2.90
0	28	-2.20
59	97	-0.10
189	154	1.00
312	165	3.20
375	166	4.80
402	258	4.80
424	229	4.60
396	254	4.80
308	58	3.60
204	18	2.50
106	6	1.50
17	0	0.70
0	0	0.60
0	0	0.60
0	0	0.50
0	0	0.40
0	0	0.30
0	0	0.00
0	0	0.30
0	0	0.30
0	0	0.30
0	0	0.30
0	0	0.40
0	0	0.40
0	4	0.60
58	50	1.30
179	110	2.20
302	142	3.00
412	175	3.60
472	217	4.30
491	234	4.90
452	219	5.40
297	170	5.60
180	44	5.10
86	17	4.50
17	0	4.00
0	0	3.50
0	0	3.10
0	0	2.70
0	0	2.30
0	0	1.90
0	0	1.30
0	0	0.70
0	0	0.00
0	0	-0.30
0	0	-0.70
0	0	-0.90
0	0	-1.20
0	30	-0.30
13	105	1.70
52	146	2.20
57	227	3.40
65	281	4.40
127	269	5.10
123	263	5.90
136	210	5.70
139	170	5.70
98	91	5.50
39	46	4.80
8	1	3.80
0	0	2.80
0	0	1.80
0	0	0.90
0	0	-0.10
0	0	-1.00
0	0	-1.90
0	0	-3.00
0	0	-4.10
0	0	-4.70
0	0	-5.30
0	0	-5.80
0	0	-6.00
0	32	-5.40
16	45	-4.20
44	53	-2.70
121	58	-1.30
229	65	-0.10
247	66	0.90
291	64	1.40
256	60	1.60
263	54	1.50
177	47	0.80
117	33	-0.40
26	0	-1.60
0	0	-2.60
0	0	-3.50
0	0	-4.40
0	0	-5.30
0	0	-6.30
0	0	-6.30
0	0	-6.40
0	0	-6.40
0	0	-6.50
0	0	-6.60
0	0	-6.70
0	0	-6.70
2	28	-5.70
63	43	-3.80
151	50	-1.60
148	56	0.50
157	64	2.40
240	70	3.80
275	68	4.80
360	62	5.30
319	57	5.30
264	48	4.50
129	30	3.20
26	1	1.60
0	0	0.80
0	0	-0.10
0	0	-0.90
0	0	-1.80
0	0	-2.60
0	0	-3.10
0	0	-3.60
0	0	-4.20
0	0	-4.40
0	0	-4.70
0	0	-4.90
0	0	-4.90
0	41	-3.80
15	66	-1.80
41	105	0.30
45	115	2.30
97	122	4.20
154	103	5.80
213	80	6.90
258	78	7.50
245	72	7.50
177	60	6.80
115	40	5.50
30	0	3.90
0	0	3.50
0	0	3.00
0	0	2.60
0	0	2.10
0	0	1.70
0	0	1.40
0	0	1.00
0	0	0.70
0	0	0.60
0	0	0.50
0	0	0.40
0	0	0.40
4	13	0.60
56	47	1.20
114	83	1.80
176	174	2.80
175	228	3.90
158	241	4.70
108	253	5.50
63	246	6.40
37	162	7.00
43	84	7.30
30	38	6.90
5	3	6.10
0	0	5.50
0	0	4.90
0	0	4.30
0	0	3.80
0	0	3.20
0	0	2.50
0	0	1.80
0	0	1.10
0	0	0.80
0	0	0.40
0	0	0.20
0	2	0.20
4	40	1.20
85	119	2.80
165	33	2.40
215	70	2.30
271	194	3.00
370	277	4.00
401	320	6.20
407	242	6.60
213	128	6.10
151	76	5.50
102	62	5.00
30	4	4.20
0	0	3.80
0	0	3.40
0	0	3.00
0	0	2.60
0	0	2.20
0	0	1.90
0	0	1.50
0	0	1.20
0	0	1.00
0	0	0.90
0	0	0.70
0	1	0.80
3	41	1.70
28	117	2.90
157	184	4.20
182	164	4.60
257	258	5.50
215	285	6.40
318	276	7.00
389	242	7.30
409	188	7.30
300	68	6.60
179	9	5.80
47	1	5.00
0	0	4.60
0	0	4.30
0	0	3.90
0	0	3.50
0	0	3.00
0	0	2.70
0	0	2.30
0	0	2.00
0	0	1.80
0	0	1.60
0	0	1.50
0	0	1.50
6	16	1.80
83	45	2.20
185	113	3.00
275	171	4.00
360	263	6.00
347	231	8.10
402	280	9.00
290	229	9.10
293	197	9.30
213	119	9.10
133	66	8.60
40	4	7.60
0	0	7.10
0	0	6.60
0	0	6.20
0	0	5.70
0	0	5.20
0	0	4.70
0	0	4.20
0	0	3.70
0	0	3.40
0	0	3.20
0	0	3.00
0	0	3.00
11	42	3.60
112	110	4.60
259	182	5.80
401	227	6.80
499	259	7.60
563	288	8.40
570	268	8.80
513	240	9.10
460	188	9.10
332	127	8.80
189	46	8.10
53	1	7.30
0	0	6.70
0	0	6.40
0	0	5.90
0	0	5.40
0	0	5.00
0	0	4.70
0	0	4.30
0	0	4.00
0	0	3.80
0	0	3.60
0	0	3.50
0	1	3.50
13	44	4.20
109	118	5.30
256	181	6.40
391	239	7.60
494	274	8.40
547	278	9.20
541	268	9.70
468	229	9.90
392	176	9.80
268	107	9.30
153	47	8.60
48	1	7.80
0	0	7.60
0	0	7.30
0	0	7.00
0	0	6.80
0	0	6.50
0	0	6.30
0	0	6.30
0	0	6.20
0	0	6.20
0	0	6.20
0	0	6.20
0	1	6.30
13	42	8.00
101	72	10.20
253	82	12.70
379	89	15.00
480	101	17.00
539	137	18.60
545	148	19.60
481	151	19.00
404	155	19.90
298	109	19.20
152	51	17.90
47	1	16.50
0	0	15.40
0	0	14.30
0	0	13.30
0	0	12.20
0	0	11.20
0	0	9.70
0	0	8.20
0	0	6.60
0	0	5.80
0	0	5.00
0	0	4.40
0	1	4.30
11	55	5.30
118	118	6.70
188	221	8.10
272	232	9.50
200	263	10.70
290	277	11.60
451	293	12.10
442	291	12.20
421	226	12.10
306	142	11.40
176	64	10.30
55	1	9.20
0	0	8.60
0	0	8.00
0	0	7.40
0	0	6.80
0	0	6.20
0	0	6.00
0	0	5.50
0	0	6.00
0	0	6.30
0	0	6.40
0	0	6.30
0	1	6.50
18	25	7.00
124	50	7.50
240	84	8.00
359	114	8.60
433	131	9.10
472	133	9.50
493	118	9.70
471	113	9.80
371	78	9.80
272	52	9.60
153	21	9.30
57	1	9.00
1	0	8.50
0	0	8.20
0	0	7.70
0	0	7.30
0	0	6.90
0	0	5.80
0	0	4.70
0	0	3.60
0	0	3.00
0	0	2.40
0	0	1.90
0	9	2.10
8	74	3.90
39	124	5.20
54	177	6.80
86	260	7.90
135	209	7.90
181	309	8.70
293	317	9.30
307	263	9.60
199	108	8.60
156	135	8.20
113	74	7.60
39	4	6.60
0	0	5.70
0	0	4.80
0	0	3.90
0	0	3.00
0	0	2.00
0	0	1.50
0	0	0.90
0	0	0.20
0	0	-0.10
0	0	-0.40
0	0	-0.60
0	3	-0.60
5	47	1.30
37	94	3.70
145	121	6.10
180	140	8.30
296	131	10.30
378	133	11.90
364	149	12.90
319	126	13.40
188	86	13.40
114	64	12.70
44	78	11.30
18	5	9.60
0	0	8.70
0	0	7.90
0	0	7.00
0	0	6.10
0	0	5.20
0	0	4.50
0	0	3.80
0	0	3.10
0	0	2.70
0	0	2.40
0	0	2.10
0	4	2.20
23	77	4.30
124	69	6.70
227	90	9.20
406	98	11.50
514	114	13.50
476	121	15.00
576	135	16.00
495	107	16.50
366	102	16.50
372	83	15.60
227	75	14.20
81	2	12.40
2	0	11.10
0	0	9.80
0	0	8.60
0	0	7.30
0	0	6.00
0	0	4.90
0	0	3.60
0	0	2.30
0	0	1.60
0	0	0.90
0	0	0.40
0	4	0.40
32	79	2.40
161	63	4.80
313	74	7.10
445	84	9.30
531	109	11.20
569	119	12.50
598	114	13.40
539	91	13.80
480	78	13.70
388	57	12.90
234	81	11.50
85	6	9.60
3	0	9.10
0	0	8.50
0	0	7.90
0	0	7.30
0	0	6.80
0	0	6.70
0	0	6.70
0	0	6.80
0	0	6.80
0	0	6.80
0	0	6.80
0	2	6.90
36	22	7.30
169	66	8.00
323	102	8.60
462	116	9.20
567	153	9.80
628	141	10.10
640	144	10.40
598	147	10.60
511	117	10.70
384	72	10.60
235	34	10.10
87	2	9.60
3	0	9.40
0	0	9.10
0	0	8.70
0	0	8.30
0	0	7.50
0	0	7.50
0	0	7.20
0	0	6.70
0	0	6.50
0	0	6.30
0	0	6.20
0	2	6.20
40	32	6.20
175	69	7.20
330	117	7.80
468	136	8.30
574	157	8.70
635	157	9.00
646	155	9.20
606	123	9.20
518	117	9.30
392	72	9.10
242	28	8.70
92	2	8.30
4	0	7.80
0	0	7.40
0	0	6.90
0	0	6.40
0	0	6.00
0	0	5.60
0	0	5.30
0	0	4.90
0	0	4.70
0	0	4.50
0	0	4.40
0	3	4.40
44	53	5.30
181	108	6.10
337	161	7.00
477	211	7.90
579	235	8.70
641	235	9.20
651	229	9.50
611	193	9.60
523	160	9.60
395	106	9.30
246	49	8.50
96	2	8.00
5	0	7.60
0	0	7.20
0	0	6.80
0	0	6.40
0	0	5.90
0	0	5.60
0	0	5.30
0	0	5.00
0	0	4.80
0	0	4.70
0	0	4.60
0	5	4.70
47	76	6.50
183	164	8.50
335	232	10.10
472	284	11.90
576	325	13.50
630	314	14.20
642	315	15.10
591	263	15.80
510	135	16.40
381	93	16.60
237	88	15.90
93	29	14.50
6	0	13.40
0	0	12.30
0	0	11.20
0	0	10.20
0	0	9.10
0	0	8.10
0	0	6.90
0	0	5.80
0	0	5.20
0	0	4.50
0	0	4.10
0	10	4.30
48	87	6.60
183	78	9.00
331	118	11.30
460	135	13.40
559	169	15.10
625	169	16.50
626	186	17.30
596	147	17.70
511	151	17.50
388	92	16.60
242	86	15.20
98	8	13.40
7	0	12.70
0	0	11.90
0	0	11.20
0	0	10.40
0	0	9.70
0	0	9.40
0	0	9.10
0	0	8.90
0	0	8.70
0	0	8.50
0	0	8.40
0	3	8.50
54	23	8.80
191	39	8.90
343	62	9.30
479	78	9.50
580	89	9.80
638	94	9.80
647	86	9.80
606	86	8.80
519	69	10.10
395	49	10.00
250	23	9.90
102	3	9.40
8	0	9.30
0	0	9.20
0	0	8.80
0	0	8.30
0	0	7.90
0	0	8.40
0	0	8.30
0	0	8.10
0	0	8.10
0	0	8.00
0	0	7.90
0	3	8.10
42	38	8.70
98	75	9.40
88	111	10.00
133	137	10.60
174	157	11.10
180	162	11.50
323	154	11.10
220	135	11.60
229	109	11.90
226	75	11.70
131	38	11.40
81	3	10.90
8	0	10.50
0	0	10.10
0	0	9.50
0	0	9.10
0	0	8.80
0	0	8.40
0	0	7.90
0	0	7.50
0	0	7.30
0	0	7.10
0	0	6.90
0	16	7.50
65	79	8.70
205	170	10.50
317	240	12.20
397	286	15.20
402	181	15.00
412	166	14.70
289	289	15.20
186	226	16.50
191	184	17.10
229	149	17.30
157	69	16.20
87	3	14.90
9	0	13.80
0	0	12.80
0	0	11.70
0	0	10.60
0	0	9.50
0	0	8.40
0	0	7.40
0	0	6.30
0	0	5.70
0	0	5.10
0	0	4.70
1	10	4.80
71	89	6.00
216	175	7.10
373	252	8.10
483	291	9.00
559	316	9.50
523	342	10.00
447	322	10.40
331	292	10.60
321	235	10.40
218	154	10.00
158	79	9.30
80	3	8.50
11	0	7.50
0	0	6.60
0	0	5.70
0	0	4.80
0	0	3.90
0	0	3.30
0	0	2.70
0	0	2.10
0	0	1.80
0	0	1.50
0	0	1.30
1	21	1.90
74	97	4.40
211	60	6.80
346	70	9.20
443	87	11.20
571	105	13.00
614	114	14.30
652	115	15.20
586	94	15.60
450	71	15.60
328	57	14.90
201	93	13.60
86	15	11.80
10	0	10.50
0	0	9.10
0	0	7.70
0	0	6.30
0	0	5.00
0	0	3.70
0	0	2.40
0	0	1.00
0	0	0.20
0	0	-0.60
0	0	-1.10
2	10	-1.00
70	92	0.60
221	142	2.30
345	209	3.80
450	286	5.10
550	319	5.40
561	358	6.00
413	341	6.40
337	288	6.50
285	223	7.10
227	102	7.00
145	97	6.00
74	18	4.70
10	0	4.50
0	0	4.30
0	0	4.10
0	0	3.90
0	0	3.70
0	0	4.20
0	0	4.80
0	0	5.30
0	0	5.60
0	0	5.90
0	0	5.70
2	11	6.40
73	87	8.10
210	175	9.80
373	215	11.10
438	75	10.70
471	118	10.80
515	229	11.40
526	326	12.60
402	246	13.00
345	207	13.20
294	94	12.80
226	89	12.50
118	24	11.80
17	0	11.60
0	0	11.40
0	0	11.20
0	0	11.00
0	0	10.70
0	0	10.20
0	0	9.70
0	0	9.40
0	0	9.10
0	0	8.90
0	0	8.80
2	29	9.60
44	73	11.10
179	150	12.80
343	192	14.70
486	265	16.30
535	305	17.80
463	316	18.80
396	341	19.50
351	300	19.70
384	214	19.80
303	185	19.30
248	91	18.30
116	5	17.00
18	0	16.20
0	0	15.30
0	0	14.50
0	0	13.60
0	0	12.80
0	0	12.20
0	0	11.60
0	0	11.20
0	0	10.90
0	0	10.60
0	0	10.60
5	23	10.90
90	88	11.60
239	153	12.50
384	206	13.30
516	271	14.10
622	303	14.90
685	305	15.50
694	289	15.90
652	255	16.10
564	195	16.00
439	131	15.70
290	69	15.10
136	4	14.20
20	0	13.90
0	0	13.20
0	0	12.50
0	0	11.80
0	0	11.20
0	0	10.70
0	0	10.10
0	0	9.80
0	0	9.60
0	0	9.40
0	0	9.30
6	32	10.10
99	88	11.70
252	164	13.40
409	207	15.30
545	272	17.00
645	263	18.70
700	288	20.00
706	314	20.80
663	159	21.70
573	194	21.90
446	131	21.40
295	93	20.40
140	29	19.00
22	0	18.20
0	0	17.50
0	0	16.80
0	0	16.00
0	0	15.30
0	0	14.80
0	0	14.20
0	0	14.00
0	0	13.70
0	0	13.50
0	0	13.50
7	20	13.70
99	57	14.10
247	105	14.70
392	137	15.20
526	177	15.70
615	201	16.20
675	210	16.50
685	197	16.80
645	165	16.90
560	132	16.90
438	95	16.70
291	50	16.40
140	5	16.00
24	0	15.20
0	0	14.30
0	0	13.30
0	0	12.90
0	0	12.20
0	0	11.50
0	0	10.60
0	0	10.10
0	0	9.60
0	0	9.30
0	0	9.20
9	36	9.90
104	121	11.20
253	204	12.50
406	288	14.00
538	321	15.30
639	376	16.40
693	370	17.30
700	372	17.90
658	316	18.20
570	261	18.00
446	176	17.40
298	88	16.50
145	5	15.40
26	0	14.80
0	0	14.20
0	0	13.60
0	0	13.00
0	0	12.40
0	0	12.20
0	0	12.00
0	0	11.90
0	0	11.80
0	0	11.80
0	1	11.80
10	44	12.80
82	112	15.40
237	183	16.80
397	258	17.80
509	241	18.10
545	323	18.80
676	344	20.20
657	278	21.70
491	304	22.00
339	204	21.50
187	151	20.80
136	99	20.20
103	20	19.20
22	0	18.30
0	0	17.20
0	0	16.20
0	0	15.10
0	0	14.10
0	0	12.90
0	0	11.80
0	0	11.30
0	0	10.80
0	0	10.50
0	0	10.60
12	32	11.80
120	44	13.70
274	49	15.80
430	58	17.90
563	70	19.90
660	78	21.60
704	81	23.00
663	77	24.00
601	68	24.50
513	57	24.70
417	49	24.30
277	45	23.40
144	28	22.10
30	0	20.80
0	0	19.10
0	0	17.40
0	0	15.60
0	0	13.90
0	0	11.90
0	0	9.80
0	0	8.60
0	0	7.40
0	0	6.60
0	0	6.50
14	35	7.60
120	48	9.40
273	54	11.40
418	70	13.50
539	92	15.30
637	104	16.80
691	115	18.00
695	111	18.80
671	96	19.10
586	73	19.10
458	59	18.50
313	47	17.30
158	33	15.80
32	0	14.20
0	0	12.50
0	0	10.90
0	0	9.20
0	0	7.50
0	0	6.70
0	0	5.90
0	0	5.40
0	0	5.00
0	0	4.60
0	1	4.60
16	36	6.00
126	50	8.20
280	63	10.60
434	88	13.00
567	107	15.20
665	118	17.00
719	148	18.40
724	148	19.40
680	136	19.90
588	101	19.90
433	77	19.30
279	57	18.10
134	33	16.50
32	0	14.90
0	0	13.30
0	0	11.80
0	0	10.20
0	0	8.70
0	0	7.40
0	0	6.10
0	0	5.40
0	0	4.70
0	0	4.20
0	1	4.20
14	37	5.60
77	50	7.70
128	55	10.10
259	67	12.40
382	81	14.60
517	89	16.50
671	93	17.90
656	91	18.90
500	76	19.40
501	62	19.50
437	51	18.90
322	46	17.70
173	34	16.00
39	0	14.30
0	0	12.50
0	0	10.80
0	0	9.10
0	0	7.30
0	0	6.10
0	0	4.70
0	0	4.00
0	0	3.20
0	0	2.70
0	1	2.60
22	37	4.10
141	51	6.20
300	58	8.60
458	70	10.90
525	85	13.00
585	96	14.80
501	98	16.20
388	92	17.20
378	83	17.70
400	65	17.70
320	55	17.10
270	47	15.80
168	35	14.10
43	0	12.40
0	0	11.20
0	0	10.10
0	0	8.90
0	0	7.70
0	0	7.20
0	0	6.60
0	0	6.20
0	0	5.90
0	0	5.60
0	3	5.70
15	56	7.10
92	119	9.60
250	201	10.40
384	195	10.60
452	260	11.00
561	113	10.60
686	261	10.90
688	317	11.40
648	237	11.50
590	246	11.90
482	188	11.70
331	88	11.10
172	28	10.30
43	0	9.50
0	0	8.90
0	0	8.50
0	0	8.00
0	0	7.50
0	0	7.40
0	0	7.30
0	0	7.40
0	0	7.40
0	0	7.40
0	2	7.60
27	39	8.30
148	100	9.40
308	105	10.00
459	86	10.20
595	61	10.20
683	156	10.80
742	195	11.40
727	295	12.40
680	328	13.90
567	155	15.30
403	85	16.00
287	62	16.30
152	34	15.80
40	2	15.00
0	0	13.80
0	0	12.60
0	0	11.40
0	0	10.20
0	0	8.60
0	0	7.10
0	0	6.20
0	0	5.40
0	0	4.90
0	2	4.90
27	69	6.00
143	113	7.00
301	128	8.30
454	242	9.40
586	320	9.70
680	352	10.40
737	375	11.00
739	68	10.00
671	61	9.10
594	50	8.30
483	153	8.00
342	89	7.60
184	24	7.00
49	0	6.50
0	0	5.30
0	0	4.20
0	0	3.10
0	0	1.90
0	0	1.10
0	0	0.10
0	0	-0.40
0	0	-1.00
0	0	-1.30
0	3	-1.40
32	56	0.00
158	100	1.80
318	181	3.70
475	240	5.50
608	262	7.30
706	257	8.90
760	285	10.10
766	327	10.80
723	225	11.20
634	199	11.30
508	155	10.70
352	98	9.60
190	40	8.20
53	0	6.80
0	0	5.90
0	0	5.00
0	0	4.10
0	0	3.20
0	0	2.80
0	0	2.50
0	0	2.40
0	0	2.20
0	0	2.10
0	1	2.20
36	11	2.40
166	26	2.70
316	42	3.00
478	56	3.30
612	101	3.80
710	315	5.50
766	356	7.70
771	372	9.20
727	306	10.40
637	252	11.10
512	111	11.80
357	59	11.90
196	31	11.20
56	4	10.30
0	0	9.30
0	0	8.30
0	0	7.30
0	0	6.30
0	0	5.00
0	0	3.70
0	0	2.90
0	0	2.20
0	0	1.60
0	2	1.60
38	62	2.40
168	143	3.50
327	231	4.80
482	291	6.10
615	364	7.30
712	385	8.30
766	380	8.90
774	354	9.30
729	336	9.50
643	274	9.50
512	206	9.10
358	122	8.30
197	44	7.30
58	0	6.30
0	0	5.70
0	0	5.10
0	0	4.50
0	0	3.90
0	0	3.90
0	0	4.00
0	0	3.90
0	0	4.00
0	0	4.00
0	1	4.10
41	42	4.80
170	94	5.60
329	173	6.80
483	234	8.00
614	277	9.00
711	315	10.00
763	318	10.70
768	307	11.30
724	284	11.60
635	223	11.70
509	163	11.40
358	89	10.90
199	31	10.10
61	0	9.40
0	0	8.90
0	0	8.50
0	0	7.90
0	0	7.30
0	0	7.20
0	0	6.70
0	0	6.40
0	0	6.20
0	0	6.00
0	2	6.00
44	44	6.70
175	118	7.70
332	181	8.70
486	242	9.70
616	293	10.70
712	322	11.50
764	335	12.20
769	326	12.70
726	287	13.00
636	241	13.00
510	185	12.80
359	118	12.40
201	44	11.60
63	1	10.90
1	0	10.00
0	0	9.00
0	0	8.30
0	0	7.50
0	0	6.90
0	0	6.10
0	0	5.70
0	0	5.30
0	0	5.00
0	2	5.00
48	31	5.30
180	62	5.70
338	109	6.20
492	153	6.50
623	210	7.20
719	190	7.60
771	183	7.80
774	162	7.80
729	167	7.90
640	142	7.80
514	121	7.60
363	96	7.40
205	39	6.50
66	2	6.40
1	0	6.80
0	0	6.90
0	0	7.00
0	0	7.00
0	0	7.50
0	0	7.90
0	0	7.90
0	0	7.90
0	0	7.50
0	2	8.50
37	18	9.00
102	37	9.40
197	57	9.90
270	75	10.30
500	88	10.50
687	96	11.20
787	97	11.40
773	87	11.60
716	87	11.70
456	75	11.80
312	58	11.80
323	36	11.70
191	14	11.40
66	1	11.20
2	0	10.90
0	0	10.50
0	0	10.10
0	0	9.80
0	0	8.50
0	0	7.00
0	0	6.20
0	0	5.50
0	0	4.90
0	6	5.00
12	72	6.30
70	168	7.90
181	258	9.40
277	318	10.90
452	380	12.20
464	394	13.30
463	405	14.20
365	370	14.70
398	347	14.80
284	296	14.80
243	231	14.30
132	138	13.50
78	57	12.30
32	1	11.10
1	0	9.70
0	0	8.40
0	0	7.10
0	0	5.80
0	0	5.10
0	0	4.30
0	0	3.90
0	0	3.50
0	0	3.20
0	9	3.40
38	75	5.30
124	123	7.20
285	173	9.50
375	225	11.60
473	253	13.60
504	248	15.30
382	258	16.70
331	285	17.50
401	288	17.80
368	222	17.80
273	131	17.40
183	101	16.30
126	50	14.80
54	1	13.10
2	0	11.90
0	0	10.60
0	0	9.40
0	0	8.20
0	0	7.40
0	0	6.60
0	0	6.10
0	0	5.70
0	0	5.40
1	22	6.10
60	79	7.10
194	153	8.40
354	61	8.10
507	126	8.30
635	99	8.20
725	249	8.90
781	367	9.90
776	361	11.00
701	306	12.60
626	275	12.90
407	164	12.50
167	100	11.90
93	8	11.00
48	1	10.30
3	0	9.00
0	0	7.90
0	0	6.70
0	0	5.50
0	0	4.40
0	0	3.30
0	0	2.60
0	0	2.00
0	0	1.50
1	5	1.60
62	65	2.30
196	125	3.10
351	211	4.10
482	269	5.00
593	308	5.80
714	346	6.50
738	319	6.90
751	327	7.20
588	303	7.30
407	258	7.30
259	190	7.10
149	116	6.60
127	48	5.80
58	1	5.10
2	0	4.10
0	0	2.90
0	0	2.10
0	0	1.10
0	0	0.30
0	0	0.00
0	0	-0.30
0	0	-0.70
0	0	-0.90
0	6	-0.80
26	66	0.10
59	138	1.10
170	195	2.10
228	264	3.10
249	309	4.00
272	327	4.70
311	342	5.30
363	337	5.80
406	278	5.90
432	220	5.80
370	171	5.40
290	92	4.80
139	36	4.00
42	1	3.20
3	0	3.00
0	0	2.80
0	0	2.50
0	0	2.40
0	0	2.50
0	0	2.70
0	0	2.70
0	0	2.80
0	0	2.80
2	15	3.30
61	90	5.50
170	64	7.90
180	77	10.30
283	97	12.60
406	117	14.70
388	129	16.50
333	129	17.90
345	118	18.90
208	104	19.40
331	87	19.50
277	72	19.00
217	61	17.90
170	41	16.40
64	4	14.70
3	0	13.80
0	0	12.90
0	0	12.00
0	0	11.10
0	0	10.20
0	0	9.30
0	0	8.70
0	0	8.20
0	0	7.80
2	13	8.10
54	83	9.70
169	123	11.30
288	170	13.00
438	242	14.60
537	259	16.10
631	245	17.60
646	245	18.70
673	230	19.40
691	222	19.70
490	185	19.70
382	147	19.20
245	109	18.30
156	78	17.10
67	4	15.70
5	0	14.70
0	0	13.80
0	0	12.80
0	0	11.80
0	0	11.40
0	0	10.90
0	0	10.60
0	0	10.40
0	0	10.20
3	8	10.30
65	86	11.60
181	178	13.00
330	261	14.20
447	309	15.20
485	367	16.00
463	382	16.80
405	398	17.60
606	368	18.00
664	353	18.20
456	279	18.10
263	227	17.80
233	140	17.20
173	53	16.40
64	2	15.50
5	0	14.60
0	0	13.80
0	0	12.90
0	0	12.10
0	0	11.50
0	0	10.80
0	0	10.50
0	0	10.10
0	0	9.80
4	13	10.10
59	85	11.10
159	162	12.00
259	239	12.90
332	304	13.90
436	346	14.80
488	381	15.40
507	390	16.00
470	382	16.30
415	325	16.40
253	273	16.30
208	213	16.00
209	136	15.50
125	54	14.80
60	2	14.00
4	0	13.50
0	0	13.00
0	0	12.50
0	0	12.00
0	0	11.70
0	0	11.70
0	0	11.70
0	0	11.60
0	0	11.60
4	10	11.80
50	84	12.80
114	118	13.40
231	216	14.30
233	292	15.30
155	257	15.80
234	349	16.50
296	355	17.10
280	372	17.60
274	285	17.70
193	203	17.60
217	79	17.00
174	57	16.40
142	12	15.80
78	2	15.20
7	0	14.90
0	0	14.50
0	0	14.20
0	0	13.90
0	0	13.60
0	0	13.30
0	0	13.10
0	0	12.90
0	0	12.80
6	8	13.00
88	61	13.70
231	117	14.40
388	176	15.10
490	234	15.90
581	274	16.20
688	291	17.00
734	282	17.50
682	271	17.80
634	251	17.90
543	203	17.90
491	138	17.70
351	87	17.30
198	42	16.80
76	2	16.30
9	0	15.20
0	0	14.20
0	0	13.20
0	0	12.10
0	0	10.10
0	0	8.00
0	0	6.90
0	0	6.10
0	0	6.00
6	32	6.50
86	61	7.70
213	105	9.30
375	108	11.10
540	151	12.80
663	167	14.50
729	197	15.90
678	214	17.00
710	213	17.70
776	151	18.10
670	104	18.20
557	74	17.90
399	61	17.10
246	80	15.90
103	8	14.40
11	0	13.10
0	0	11.80
0	0	10.50
0	0	9.20
0	0	8.80
0	0	8.40
0	0	8.10
0	0	8.00
0	0	8.00
4	15	8.20
37	53	8.50
100	100	9.10
213	146	9.70
264	185	10.20
282	217	10.70
356	232	11.20
412	231	11.50
560	224	11.80
627	199	11.90
591	173	11.90
507	136	11.90
394	86	11.60
240	39	11.30
104	2	10.80
12	0	10.00
0	0	9.10
0	0	9.00
0	0	8.30
0	0	7.80
0	0	7.20
0	0	7.10
0	0	7.00
0	0	7.00
7	12	7.10
87	42	7.40
232	86	7.90
383	108	8.20
533	128	8.50
622	162	8.90
722	161	9.20
714	174	9.40
781	187	9.60
743	183	9.70
640	139	9.80
545	120	9.80
394	76	9.60
247	36	9.40
107	2	8.10
13	0	8.50
0	0	7.70
0	0	7.70
0	0	7.20
0	0	7.00
0	0	6.60
0	0	6.50
0	0	6.10
0	0	6.30
9	23	6.60
94	72	7.20
235	127	7.80
385	186	8.60
533	255	9.40
664	298	10.20
755	312	10.90
784	318	11.30
802	282	11.70
740	255	11.80
623	217	11.80
523	161	11.60
345	100	11.20
211	46	10.70
96	2	10.10
14	0	10.00
0	0	9.90
0	0	9.90
0	0	9.80
0	0	9.40
0	0	9.90
0	0	10.20
0	0	10.20
0	0	10.40
10	11	10.60
98	33	10.90
239	56	11.20
383	90	11.70
531	115	12.10
613	131	12.50
702	140	12.90
754	130	13.10
649	128	13.20
682	127	12.30
609	107	13.50
409	85	13.40
264	53	13.00
115	26	13.20
33	2	12.80
7	0	12.40
0	0	11.80
0	0	11.20
0	0	10.80
0	0	9.50
0	0	8.10
0	0	7.40
0	0	6.00
0	0	6.50
3	15	6.80
20	47	7.00
31	84	7.20
42	122	7.50
58	156	7.70
76	179	7.90
119	197	8.00
126	203	8.30
156	190	8.30
90	169	8.30
130	146	8.10
79	112	8.20
66	73	8.00
50	35	7.70
28	3	7.40
7	0	7.00
0	0	6.60
0	0	6.30
0	0	5.90
0	0	6.00
0	0	6.20
0	0	6.30
0	0	6.30
0	0	6.40
13	35	7.00
109	104	8.00
257	188	9.30
414	259	10.50
553	334	12.00
579	386	13.40
615	404	14.50
482	402	15.20
507	390	15.80
550	347	16.10
472	295	16.10
373	204	15.70
275	120	15.00
187	67	14.20
112	3	13.40
16	0	12.20
0	0	11.10
0	0	10.00
0	0	8.90
0	0	7.70
0	0	6.40
0	0	5.70
0	0	5.20
0	0	5.10
11	41	6.00
88	85	7.30
220	183	8.60
354	209	10.30
556	302	11.90
558	286	14.10
630	299	14.00
559	355	14.00
499	360	14.00
472	355	14.40
443	209	14.80
370	99	15.00
288	71	14.90
174	95	14.10
90	19	12.80
17	0	11.60
0	0	10.40
0	0	9.20
0	0	7.90
0	0	7.50
0	0	7.10
0	0	6.80
0	0	6.60
0	0	6.50
12	33	7.50
87	59	9.10
190	87	11.20
327	108	13.30
459	146	15.50
556	173	17.40
653	189	19.10
679	164	20.50
684	146	21.50
552	121	22.20
508	95	22.40
538	69	22.10
405	54	21.20
269	89	19.90
119	19	18.30
22	0	17.30
0	0	16.30
0	0	15.20
0	0	14.20
0	0	13.70
0	0	13.20
0	0	12.90
0	0	12.60
0	0	12.00
17	6	10.70
116	18	11.80
262	32	12.70
420	45	12.90
571	57	13.00
694	66	13.10
691	76	13.20
564	78	13.30
669	70	13.20
694	63	12.90
530	54	13.00
346	42	12.80
265	29	13.10
156	15	12.90
68	3	12.70
13	0	12.60
0	0	12.30
0	0	12.00
0	0	11.90
0	0	11.70
0	0	11.70
0	0	11.60
0	0	11.60
0	0	11.60
17	19	11.90
115	58	12.30
251	103	12.90
413	146	13.50
563	179	14.10
502	208	14.60
418	222	15.10
461	211	15.40
450	194	15.60
386	170	15.70
316	142	15.70
237	103	15.50
161	68	15.30
118	35	15.00
73	3	13.90
15	0	13.60
0	0	13.00
0	0	12.40
0	0	11.70
0	0	11.00
0	0	10.30
0	0	9.90
0	0	9.60
0	0	9.60
12	28	9.90
91	73	10.40
244	142	11.10
394	208	11.90
556	283	12.80
679	300	13.40
764	343	14.10
747	354	14.70
696	336	15.10
528	307	15.30
461	254	15.30
305	198	15.20
277	137	14.80
248	67	14.30
114	4	13.60
22	0	13.20
0	0	12.90
0	0	12.40
0	0	12.10
0	0	12.10
0	0	12.10
0	0	12.10
0	0	12.10
0	0	12.00
10	33	12.50
56	81	13.10
128	171	14.20
160	234	15.30
247	201	15.70
427	246	16.20
581	406	17.40
519	329	18.00
566	292	18.20
487	86	17.60
407	258	17.90
434	229	18.00
185	147	17.60
89	24	17.10
49	22	16.50
14	0	16.60
0	0	16.70
0	0	16.80
0	0	16.90
0	0	17.20
0	0	17.50
0	0	17.60
0	0	17.70
0	0	17.70
13	25	17.70
53	67	18.80
93	116	19.50
109	165	20.30
200	203	21.00
257	236	21.70
251	251	22.30
413	246	22.70
380	235	23.10
240	222	23.30
219	190	23.40
261	152	23.40
225	98	23.10
137	48	22.60
57	4	22.20
19	0	21.20
0	0	20.30
0	0	19.30
0	0	18.40
0	0	16.50
0	0	14.60
0	0	13.50
0	0	12.70
0	1	12.60
23	35	13.50
126	62	15.10
264	89	16.80
406	127	18.60
512	167	20.40
685	220	22.00
742	253	23.30
809	260	24.40
847	244	25.10
791	208	25.50
685	159	25.60
578	121	25.20
417	110	24.30
285	80	23.10
140	18	21.60
31	0	20.20
0	0	18.80
0	0	17.40
0	0	16.00
0	0	15.60
0	0	15.10
0	0	14.90
0	0	14.70
0	1	14.70
24	32	15.10
125	86	15.80
270	142	16.50
411	195	17.30
558	239	18.00
686	282	18.70
767	289	19.20
769	291	19.60
794	274	19.90
758	259	20.10
699	210	20.10
579	162	20.00
432	92	19.60
283	49	18.80
131	4	18.60
32	0	17.50
0	0	16.50
0	0	15.50
0	0	14.40
0	0	13.50
0	0	12.50
0	0	12.00
0	0	11.60
0	1	11.50
25	46	12.40
123	104	13.90
250	163	15.50
386	223	17.20
562	257	19.10
675	289	20.70
757	327	22.10
744	356	23.10
692	327	23.90
558	272	24.50
493	194	24.70
312	167	24.60
217	118	23.90
126	73	22.80
43	31	21.50
12	0	20.20
0	0	18.00
0	0	15.70
0	0	13.50
0	0	11.70
0	0	9.70
0	0	8.70
0	0	8.00
0	1	7.90
9	34	9.00
39	44	10.80
96	48	12.90
201	60	15.00
316	77	17.00
501	94	18.90
433	106	20.50
376	107	21.70
417	102	22.60
427	87	23.10
346	73	23.20
237	57	22.80
178	48	21.80
51	42	20.50
20	25	18.80
18	0	17.20
0	0	15.30
0	0	13.30
0	0	11.30
0	0	10.40
0	0	9.30
0	0	8.70
0	0	8.30
0	2	8.30
27	35	9.50
127	47	11.40
258	52	13.60
314	65	15.90
507	88	18.00
631	108	20.00
561	127	21.60
415	132	22.90
314	127	23.80
379	113	24.40
461	96	24.50
378	77	24.10
279	65	23.20
121	51	21.80
87	34	20.20
25	0	18.60
0	0	16.70
0	0	14.80
0	0	13.00
0	0	11.80
0	0	10.50
0	0	9.80
0	0	9.30
0	2	9.20
16	34	10.50
62	43	12.40
132	49	14.60
266	63	16.80
229	84	18.90
303	106	20.80
295	123	22.40
267	126	23.70
289	121	24.60
194	103	25.10
277	85	25.20
216	64	24.90
211	53	23.90
136	43	22.50
80	30	20.90
19	0	19.30
0	0	17.60
0	0	16.00
0	0	14.40
0	0	13.60
0	0	12.80
0	0	12.30
0	0	11.90
0	1	11.90
27	47	12.80
130	129	14.20
273	163	15.90
363	198	17.90
420	216	20.00
573	258	21.80
580	345	23.10
710	330	24.10
683	346	24.80
555	350	25.00
550	278	25.10
479	219	24.70
368	141	24.00
235	83	22.90
132	31	21.60
37	0	20.20
0	0	18.80
0	0	17.30
0	0	15.80
0	0	14.90
0	0	14.00
0	0	13.60
0	0	13.30
0	2	13.40
28	36	14.70
125	46	16.50
270	50	18.50
440	62	20.60
583	78	22.60
688	95	24.40
656	107	26.00
538	112	27.30
593	107	28.20
404	95	28.80
320	78	29.10
295	63	28.90
222	55	28.20
171	44	27.10
95	31	25.80
25	0	24.50
0	0	22.20
0	0	19.90
0	0	17.60
0	0	15.10
0	0	12.30
0	0	10.90
0	0	9.80
0	3	9.70
33	33	10.90
140	45	12.60
282	54	14.60
426	70	16.70
552	83	18.60
633	89	20.30
742	107	21.90
664	98	23.00
668	106	23.90
651	150	24.20
443	187	24.00
428	167	23.30
281	126	22.10
265	96	20.60
155	31	19.00
41	0	17.50
0	0	15.40
0	0	13.40
0	0	11.30
0	0	10.50
0	0	9.60
0	0	9.10
0	0	8.80
0	2	8.70
34	43	9.80
144	75	11.60
289	99	13.60
425	157	15.60
551	207	17.60
684	238	19.30
785	313	20.70
778	343	21.70
583	295	22.40
531	248	22.80
406	241	22.90
401	208	22.50
287	107	21.70
145	65	20.60
107	30	19.20
36	0	17.80
0	0	15.80
0	0	13.90
0	0	12.00
0	0	10.60
0	0	9.10
0	0	8.30
0	0	7.70
0	3	7.70
32	36	9.10
125	44	11.00
269	48	13.20
423	60	15.50
579	75	17.70
680	90	19.70
598	98	21.40
268	100	22.70
391	96	23.70
375	85	24.20
363	70	24.40
296	56	24.00
249	47	23.10
178	42	21.70
103	28	20.00
36	0	18.20
0	0	16.30
0	0	15.00
0	0	13.70
0	0	12.40
0	0	11.00
0	0	9.70
0	0	9.30
0	2	9.20
18	38	10.40
83	54	12.10
165	61	14.00
196	69	16.00
239	116	17.80
459	252	19.80
592	403	20.20
814	416	20.30
719	398	20.20
637	360	19.90
616	298	19.30
568	214	18.40
422	150	17.50
311	85	16.50
164	30	15.40
49	0	14.40
0	0	13.30
0	0	12.20
0	0	11.10
0	0	10.60
0	0	10.00
0	0	9.70
0	0	9.40
0	6	9.50
36	49	10.50
144	108	12.00
287	115	14.60
439	120	17.10
584	177	19.10
707	294	20.90
797	357	20.80
846	425	21.10
850	356	20.80
807	347	20.50
726	328	20.40
593	262	20.00
454	157	19.50
283	98	18.50
161	49	17.40
48	1	16.20
1	0	14.90
0	0	13.50
0	0	12.10
0	0	11.40
0	0	10.70
0	0	10.20
0	0	9.90
0	1	9.90
36	56	10.70
142	133	12.10
284	221	13.60
428	280	15.00
550	340	16.10
700	387	17.30
790	423	18.50
811	432	19.30
795	413	19.90
748	363	20.00
675	313	20.00
545	243	20.10
378	122	19.80
240	72	19.20
140	41	18.20
47	1	17.10
1	0	15.20
0	0	13.20
0	0	11.30
0	0	9.80
0	0	8.20
0	0	7.20
0	0	6.50
0	3	6.30
36	42	7.20
137	73	8.50
278	99	10.00
427	133	11.50
571	159	13.00
692	196	14.40
783	212	15.50
839	231	16.40
812	209	17.00
787	169	17.30
699	118	17.30
580	80	17.00
461	59	16.20
298	45	15.00
138	35	13.60
42	1	12.10
1	0	10.80
0	0	9.40
0	0	8.00
0	0	8.30
0	0	8.60
0	0	8.70
0	0	8.90
0	6	9.10
25	51	10.20
108	38	10.30
228	88	10.80
349	52	10.80
407	118	11.30
466	350	12.90
480	406	14.60
633	419	16.80
649	414	18.10
625	354	19.20
373	300	20.00
187	156	20.60
104	107	20.70
133	57	20.40
76	33	19.60
14	4	18.60
0	0	17.40
0	0	16.10
0	0	14.90
0	0	13.30
0	0	11.70
0	0	10.80
0	0	10.20
0	1	10.10
14	43	10.60
68	125	11.70
184	197	12.60
123	198	13.10
150	236	13.60
167	345	14.30
462	322	14.80
697	327	15.10
687	380	15.50
647	370	16.20
648	336	16.50
527	284	16.70
439	158	16.60
245	86	16.20
92	50	15.50
45	2	14.60
1	0	13.40
0	0	12.10
0	0	10.90
0	0	10.40
0	0	9.80
0	0	9.50
0	0	9.30
0	2	9.30
39	55	10.10
139	124	11.10
282	158	11.90
362	264	13.10
367	262	13.60
461	73	13.50
627	191	13.60
653	325	14.20
596	408	15.20
476	379	16.00
527	334	16.50
497	255	16.80
313	184	16.70
191	96	16.10
124	29	15.40
41	1	14.60
1	0	13.30
0	0	12.10
0	0	10.80
0	0	9.80
0	0	8.60
0	0	8.00
0	0	7.60
0	3	7.60
26	35	8.00
85	114	8.90
160	158	9.60
83	186	10.20
246	339	11.90
355	286	12.40
478	274	12.70
416	416	13.50
344	415	14.40
316	375	14.70
322	229	14.50
254	217	14.10
137	170	14.40
120	81	14.00
78	56	13.40
30	2	12.60
1	0	11.30
0	0	9.90
0	0	8.60
0	0	7.90
0	0	7.00
0	0	6.50
0	0	6.10
0	3	6.10
35	55	7.20
127	106	8.70
280	168	10.40
439	222	12.10
569	298	13.80
693	319	15.30
585	390	16.40
342	427	17.10
281	406	17.60
343	353	17.90
367	328	17.90
343	233	17.70
279	162	17.00
213	92	15.90
117	39	14.70
44	0	13.40
2	0	12.70
0	0	12.00
0	0	11.30
0	0	11.40
0	0	11.60
0	0	11.60
0	0	11.70
0	1	11.50
40	21	11.10
145	65	12.50
273	115	13.20
438	147	13.70
570	207	14.20
643	234	15.20
565	199	15.50
544	185	15.80
562	220	16.00
490	168	16.10
279	138	16.10
283	103	15.90
242	63	15.60
158	36	15.20
101	12	14.80
33	0	14.40
1	0	14.30
0	0	14.10
0	0	13.80
0	0	13.90
0	0	13.70
0	0	13.70
0	0	13.60
0	1	13.60
38	27	14.00
126	83	14.70
268	150	15.60
355	207	16.50
446	219	17.10
543	249	17.70
554	258	18.10
463	227	18.40
567	165	18.40
544	143	18.30
427	153	18.20
296	157	18.20
192	124	18.00
150	85	17.50
99	22	16.60
31	1	16.80
1	0	16.00
0	0	15.00
0	0	14.30
0	0	13.80
0	0	13.10
0	0	12.80
0	0	12.50
0	3	12.50
8	60	13.40
22	128	14.40
28	196	15.40
58	275	16.70
99	332	17.70
138	386	18.60
144	409	19.50
237	438	20.40
246	420	20.90
279	374	21.30
251	318	21.40
197	252	21.20
165	166	20.60
106	90	19.80
57	30	19.00
42	0	18.10
1	0	16.80
0	0	15.50
0	0	14.20
0	0	13.20
0	0	12.10
0	0	11.50
0	0	11.10
0	4	11.10
25	38	12.70
67	47	14.70
142	53	16.90
146	68	19.20
286	87	21.40
468	106	23.40
527	123	25.10
608	129	26.40
669	124	27.40
602	110	27.90
515	92	28.10
474	73	27.80
361	59	26.90
229	49	25.50
116	34	23.90
41	1	22.20
2	0	19.90
0	0	17.70
0	0	15.50
0	0	14.00
0	0	12.40
0	0	11.50
0	0	10.80
0	3	10.80
37	47	11.90
131	106	13.30
248	178	14.80
398	247	16.40
494	302	17.90
637	304	19.50
732	334	20.80
749	334	21.80
687	324	22.60
561	291	23.00
466	252	23.10
390	161	23.00
178	80	22.50
128	56	21.60
80	36	20.30
46	3	18.90
2	0	17.80
0	0	16.70
0	0	15.60
0	0	15.50
0	0	15.40
0	0	15.30
0	0	15.20
0	2	15.30
38	18	15.50
133	77	16.20
262	145	17.00
165	174	17.70
277	188	18.20
241	217	18.70
330	329	19.60
432	231	19.80
642	167	19.90
568	151	19.80
571	162	19.70
565	123	19.60
435	97	19.30
319	52	18.90
178	18	18.30
60	1	18.10
3	0	16.80
0	0	16.80
0	0	16.20
0	0	15.70
0	0	14.80
0	0	14.90
0	0	14.80
0	1	14.90
39	35	15.30
141	70	15.70
246	198	17.20
329	276	18.30
465	343	19.20
623	382	20.20
684	383	20.70
792	399	21.20
802	382	21.50
803	189	21.20
703	57	20.50
422	46	19.80
349	32	19.20
221	19	18.70
130	7	18.20
58	1	17.70
3	0	17.00
0	0	16.30
0	0	15.60
0	0	14.90
0	0	14.00
0	0	13.50
0	0	13.20
0	11	13.40
39	55	15.00
138	93	16.70
277	129	19.30
430	244	20.80
563	281	20.90
665	336	21.10
772	372	21.30
792	428	21.80
759	418	22.00
703	306	21.90
582	323	21.80
389	258	21.70
331	163	21.40
220	101	20.70
108	42	19.70
49	1	18.60
3	0	17.20
0	0	15.80
0	0	14.40
0	0	14.00
0	0	13.40
0	0	13.10
0	0	12.90
0	1	12.80
41	62	13.90
140	136	15.30
291	181	17.00
440	229	19.00
570	312	20.80
632	333	22.50
757	331	24.10
805	325	25.70
612	322	26.60
318	250	27.20
205	228	27.50
271	136	27.40
254	113	26.80
203	71	25.80
119	48	24.40
43	2	23.00
2	0	21.80
0	0	20.60
0	0	19.40
0	0	18.80
0	0	18.10
0	0	17.70
0	0	17.40
0	4	17.50
26	52	18.60
111	103	20.10
210	157	21.70
348	207	23.50
466	248	25.30
592	264	27.00
587	260	28.70
676	300	30.00
614	316	30.80
639	304	31.20
416	299	31.20
390	231	30.80
286	209	30.00
177	97	29.00
108	49	27.70
60	1	26.50
3	0	25.60
0	0	24.80
0	0	24.00
0	0	23.40
0	0	22.80
0	0	22.50
0	0	22.30
0	2	22.30
15	33	22.70
67	80	23.20
89	104	23.60
154	130	23.90
218	161	24.40
214	192	24.70
230	165	24.90
165	181	25.10
227	199	25.30
185	211	25.40
144	163	25.40
110	127	24.30
102	89	24.90
77	53	24.80
54	19	24.40
23	1	24.00
1	0	23.50
0	0	23.00
0	0	21.90
0	0	20.10
0	0	21.70
0	0	21.50
0	0	21.50
0	1	21.50
9	22	21.80
36	52	22.20
81	91	22.60
126	116	23.00
156	156	23.50
151	165	23.80
155	170	24.00
118	173	24.10
97	188	24.50
79	165	24.10
96	141	23.90
104	112	24.30
60	75	24.30
40	43	24.10
39	21	24.00
5	1	23.70
0	0	22.70
0	0	21.80
0	0	20.80
0	0	19.00
0	0	17.10
0	0	16.10
0	0	15.30
0	4	15.30
16	47	16.40
78	87	17.90
138	141	19.60
130	170	21.40
156	228	23.10
280	282	24.60
375	301	26.00
433	299	27.10
439	286	27.80
331	250	28.30
274	200	28.40
187	168	28.10
156	122	27.30
126	68	26.20
97	38	24.80
39	2	23.30
2	0	22.00
0	0	20.70
0	0	19.30
0	0	19.00
0	0	18.70
0	0	18.50
0	0	18.40
0	1	18.40
37	23	18.70
127	81	19.10
280	145	20.30
411	267	22.00
508	329	23.30
625	256	23.80
751	293	24.30
768	75	23.90
796	202	23.90
738	222	24.00
676	322	24.40
570	237	24.60
426	201	24.70
285	110	24.40
162	59	24.00
60	2	23.30
4	0	21.70
0	0	20.20
0	0	18.60
0	0	17.30
0	0	15.90
0	0	15.10
0	0	14.50
0	3	14.50
39	49	15.60
144	95	17.10
271	158	18.70
438	219	20.40
579	281	22.10
670	283	23.60
757	315	24.90
824	344	25.80
838	320	26.60
812	310	26.90
713	289	27.00
597	226	26.70
463	157	25.90
302	98	24.80
169	51	23.50
65	1	22.10
4	0	21.20
0	0	20.30
0	0	19.40
0	0	19.30
0	0	19.30
0	0	19.30
0	0	19.20
0	1	19.30
39	36	19.70
126	92	20.60
256	143	20.90
394	190	22.00
550	247	23.10
685	282	23.90
566	302	24.50
554	319	25.10
382	313	25.60
272	290	25.90
401	241	26.00
386	201	26.00
338	154	25.70
212	94	25.30
113	38	24.70
35	1	24.10
3	0	22.70
0	0	21.20
0	0	19.80
0	0	18.50
0	0	17.00
0	0	16.20
0	0	15.60
0	2	15.60
22	58	16.40
84	124	17.30
134	201	18.20
218	275	19.20
285	346	20.30
346	391	21.20
464	411	22.00
733	403	22.40
719	414	22.80
672	374	23.00
575	328	23.10
512	253	22.90
374	184	22.40
259	111	21.80
148	38	20.90
57	1	20.10
4	0	18.40
0	0	16.70
0	0	15.10
0	0	14.00
0	0	12.90
0	0	12.30
0	0	11.80
0	3	11.80
37	54	12.90
138	97	14.40
274	142	16.30
412	217	18.10
548	261	19.90
652	362	21.30
719	379	22.50
593	395	23.50
652	395	24.10
525	282	24.70
541	194	25.10
459	126	25.10
329	83	24.60
173	60	23.60
84	36	22.30
48	3	20.90
3	0	19.00
0	0	17.20
0	0	15.40
0	0	14.20
0	0	13.00
0	0	12.40
0	0	11.90
0	1	11.90
37	56	12.70
139	130	13.80
276	221	15.30
425	290	16.60
544	366	17.90
665	406	19.20
704	443	20.20
781	454	21.00
816	439	21.60
639	399	21.90
621	353	22.00
453	277	21.70
326	205	21.20
183	118	20.40
92	43	19.30
59	1	18.30
4	0	16.50
0	0	14.70
0	0	13.00
0	0	11.80
0	0	10.50
0	0	9.80
0	0	9.30
0	3	9.30
35	51	10.40
120	94	12.00
216	129	13.90
334	162	15.80
507	216	17.70
635	232	19.40
608	280	20.80
562	299	22.00
308	273	22.80
420	242	23.30
479	224	23.40
372	200	23.00
322	142	22.20
225	90	21.00
101	42	19.60
39	1	18.20
2	0	16.40
0	0	14.60
0	0	12.90
0	0	11.80
0	0	10.70
0	0	10.00
0	0	9.60
0	3	9.50
18	37	10.90
75	53	12.80
162	57	14.90
365	71	17.20
523	87	19.40
513	105	21.40
581	124	23.10
627	133	24.40
561	130	25.40
499	126	25.90
543	108	26.10
529	91	25.80
375	78	24.90
212	64	23.60
123	37	21.90
62	1	20.30
3	0	18.40
0	0	17.10
0	0	15.80
0	0	14.50
0	0	13.20
0	0	11.90
0	0	11.40
0	3	11.40
27	36	12.60
123	47	14.40
268	50	16.40
411	61	18.50
441	76	20.50
435	92	22.30
550	103	23.90
509	107	25.20
514	104	26.10
531	95	26.60
321	82	26.80
280	69	26.50
243	65	25.60
196	54	24.40
86	36	22.80
39	1	21.20
2	0	20.00
0	0	18.80
0	0	17.50
0	0	17.10
0	0	16.70
0	0	16.40
0	0	16.30
0	1	16.30
6	49	16.90
32	121	17.90
55	207	19.10
196	264	20.30
234	341	21.30
205	382	22.40
83	426	23.40
161	431	24.10
137	405	24.60
260	381	25.00
172	341	25.30
74	277	25.30
127	202	24.90
196	120	24.20
117	46	23.40
27	1	22.50
2	0	21.00
0	0	19.60
0	0	18.10
0	0	16.90
0	0	15.50
0	0	14.80
0	0	14.30
0	3	14.20
27	37	15.40
108	57	17.00
221	66	18.90
296	80	20.90
390	100	22.90
457	123	24.60
585	141	26.10
562	142	27.30
622	134	28.20
548	116	28.80
509	99	28.90
440	77	28.70
403	61	28.00
269	49	26.80
159	35	25.40
52	1	23.80
3	0	21.80
0	0	19.80
0	0	17.70
0	0	16.40
0	0	15.00
0	0	14.30
0	0	13.80
0	2	13.80
22	51	14.30
109	120	15.10
233	190	15.80
335	266	16.60
473	335	17.50
591	369	18.30
614	416	19.10
705	430	19.70
657	401	20.10
410	368	20.10
388	299	20.20
290	214	19.90
250	154	19.40
142	87	18.70
84	31	18.00
46	1	17.30
2	0	16.10
0	0	14.80
0	0	13.50
0	0	12.80
0	0	12.00
0	0	11.50
0	0	11.20
0	1	11.20
32	55	12.10
131	109	13.40
270	167	14.90
419	271	16.30
567	346	17.40
692	400	18.40
720	435	19.30
796	430	20.00
647	407	20.80
695	364	21.30
500	285	21.60
263	222	21.60
141	153	21.20
74	122	20.50
40	49	19.40
17	1	18.30
0	0	16.70
0	0	15.00
0	0	13.30
0	0	12.10
0	0	10.70
0	0	10.00
0	0	9.50
0	2	9.40
1	40	10.30
11	89	11.60
24	155	13.00
95	241	14.40
199	316	15.70
433	356	16.90
360	373	18.10
412	334	19.20
361	383	19.80
395	354	20.10
340	285	20.20
238	212	20.10
124	154	19.50
83	85	18.60
46	48	17.40
23	2	16.20
1	0	15.30
0	0	14.40
0	0	13.40
0	0	13.30
0	0	13.20
0	0	13.10
0	0	13.00
0	1	13.00
24	50	13.80
99	125	14.90
196	208	16.20
424	266	17.30
552	341	18.50
524	389	19.60
531	424	20.50
534	434	21.30
625	422	21.80
567	372	22.10
601	333	22.30
517	256	22.10
409	191	21.70
195	110	21.00
157	44	20.20
56	1	19.30
3	0	18.40
0	0	17.50
0	0	16.70
0	0	16.00
0	0	15.30
0	0	15.00
0	0	14.70
0	1	14.60
28	51	15.40
109	128	16.50
239	210	17.70
314	270	19.00
429	356	20.20
513	385	21.40
462	405	22.50
427	417	23.60
327	416	24.20
397	375	24.60
275	339	24.70
262	265	24.50
302	207	24.10
195	117	23.30
100	46	22.30
53	1	21.30
1	0	20.20
0	0	19.20
0	0	18.10
0	0	17.50
0	0	16.80
0	0	16.40
0	0	16.10
0	2	16.10
14	38	17.20
58	63	18.80
139	86	20.70
250	113	22.60
360	145	24.60
359	197	26.30
351	223	27.80
315	257	29.00
281	241	29.90
285	213	30.40
279	179	30.60
301	145	30.40
205	122	29.70
151	72	28.50
77	38	27.20
43	1	25.80
2	0	23.70
0	0	21.70
0	0	19.60
0	0	18.00
0	0	16.30
0	0	15.30
0	0	14.70
0	1	14.60
3	37	15.50
21	63	17.00
50	92	18.70
108	132	20.40
303	169	22.10
469	231	23.60
320	259	24.90
188	256	26.00
108	264	26.70
98	226	27.20
49	167	27.30
95	106	27.10
125	82	26.50
64	53	25.40
30	37	24.10
28	1	22.70
0	0	20.90
0	0	19.10
0	0	17.30
0	0	16.30
0	0	15.30
0	0	14.70
0	0	14.30
0	1	14.30
11	46	14.80
38	119	15.80
109	206	17.00
223	279	18.20
212	357	19.40
281	398	20.50
542	434	21.40
630	445	22.10
490	433	22.60
384	393	22.90
372	338	23.00
313	262	22.80
260	198	22.30
143	117	21.70
127	46	20.80
22	1	19.80
1	0	19.00
0	0	18.10
0	0	17.20
0	0	16.90
0	0	16.60
0	0	16.50
0	0	16.30
0	1	16.30
24	25	16.60
116	61	17.10
253	95	17.20
399	146	18.00
551	146	18.40
644	173	18.70
603	191	19.10
492	240	19.50
489	232	19.80
437	220	19.90
426	205	19.90
378	164	20.10
272	111	20.00
233	61	19.10
133	26	19.20
45	0	18.90
1	0	16.90
0	0	17.20
0	0	16.90
0	0	16.30
0	0	15.70
0	0	15.40
0	0	15.20
0	1	15.10
25	42	15.70
124	112	16.60
264	184	17.50
413	259	18.60
539	326	19.50
569	362	20.50
672	413	21.50
596	426	22.30
486	411	22.80
258	381	23.20
362	331	23.40
406	245	23.10
297	183	22.70
231	113	22.20
115	41	21.50
49	1	20.70
1	0	19.00
0	0	17.40
0	0	15.90
0	0	14.40
0	0	13.00
0	0	12.30
0	0	11.80
0	0	11.70
23	6	11.30
120	76	12.30
260	173	13.20
408	188	13.80
551	182	14.10
656	184	14.30
527	167	14.40
462	382	15.10
439	360	15.50
382	325	15.90
322	329	16.40
335	248	16.70
202	132	16.90
170	58	16.80
105	30	16.30
49	4	15.70
1	0	14.40
0	0	13.10
0	0	11.80
0	0	10.90
0	0	9.90
0	0	9.30
0	0	8.80
0	1	8.60
19	38	9.10
103	83	10.10
221	120	11.30
391	162	12.50
521	217	13.60
658	232	14.70
752	280	15.60
685	300	16.30
684	285	16.80
629	238	17.00
460	221	17.00
389	170	16.70
275	134	16.00
145	79	15.10
98	34	14.00
30	0	12.80
1	0	11.40
0	0	10.00
0	0	8.50
0	0	8.50
0	0	8.40
0	0	8.30
0	0	8.20
0	0	8.10
13	38	9.00
53	82	10.30
104	142	11.90
165	203	13.60
234	252	15.20
296	288	16.70
306	306	18.00
289	320	19.00
195	310	19.80
187	265	20.30
143	236	20.50
128	198	20.30
149	126	19.70
144	82	18.80
100	34	17.50
32	0	16.30
1	0	15.70
0	0	15.10
0	0	14.40
0	0	14.40
0	0	14.20
0	0	14.10
0	0	13.80
0	0	14.10
18	13	13.30
91	45	14.20
182	69	14.80
303	97	14.70
475	111	13.80
644	123	16.00
708	174	16.40
698	259	17.00
704	229	17.40
642	237	17.80
572	210	18.00
411	162	18.00
321	124	17.90
217	81	17.70
126	31	17.20
42	1	16.90
0	0	17.40
0	0	18.00
0	0	18.30
0	0	18.60
0	0	17.80
0	0	18.70
0	0	18.80
0	0	18.50
19	23	19.30
114	66	19.80
248	91	20.30
340	164	21.10
445	173	21.60
392	212	22.20
276	209	22.60
234	246	23.10
189	282	23.30
276	228	23.80
265	178	23.80
202	187	23.90
178	156	23.90
136	89	23.60
65	37	23.20
36	1	22.80
0	0	22.20
0	0	21.60
0	0	21.00
0	0	20.50
0	0	20.00
0	0	19.60
0	0	19.00
0	1	19.60
18	26	19.80
105	41	20.00
217	180	21.30
377	215	23.10
532	314	23.90
648	376	24.60
639	403	25.40
547	287	25.50
448	145	25.00
350	75	24.40
391	163	24.20
302	189	24.10
232	111	23.80
234	74	23.40
122	17	22.90
43	2	22.50
0	0	21.30
0	0	20.10
0	0	18.90
0	0	16.80
0	0	14.40
0	0	13.10
0	0	12.20
0	0	12.00
13	30	12.70
84	45	13.90
206	48	15.30
340	59	16.80
474	75	18.30
623	225	19.60
740	361	19.50
739	395	19.40
789	407	19.20
745	352	19.00
595	312	18.50
492	259	18.00
288	184	17.40
198	108	16.60
117	38	15.60
22	0	14.70
0	0	14.60
0	0	14.40
0	0	14.30
0	0	15.40
0	0	16.60
0	0	17.10
0	0	17.50
0	0	17.60
15	33	18.70
91	59	20.40
217	92	22.50
301	129	24.70
441	191	26.90
569	273	28.70
538	277	30.30
592	292	31.70
446	282	32.70
447	281	33.30
263	206	33.60
292	139	33.60
321	91	33.00
270	64	32.00
137	40	30.70
41	0	29.30
0	0	27.90
0	0	26.40
0	0	25.00
0	0	23.40
0	0	21.60
0	0	20.60
0	0	19.90
0	0	19.80
11	29	20.50
89	44	21.90
223	47	23.60
255	56	25.40
409	72	27.10
543	227	28.70
730	394	28.90
741	433	29.10
651	421	29.20
654	386	29.20
451	341	28.90
373	281	28.50
254	195	27.80
174	109	26.80
121	34	25.80
42	0	24.70
0	0	23.50
0	0	22.30
0	0	21.00
0	0	20.80
0	0	20.60
0	0	20.40
0	0	19.70
0	0	20.10
14	32	20.80
104	95	21.60
242	110	22.00
395	194	22.80
515	178	23.20
631	254	23.90
574	300	24.50
616	277	24.90
479	223	25.10
495	257	25.30
297	312	25.80
296	258	25.90
177	163	25.80
152	92	25.50
72	6	24.80
31	0	24.20
0	0	23.30
0	0	22.30
0	0	21.20
0	0	20.20
0	0	19.30
0	0	18.80
0	0	18.50
0	0	18.30
3	17	18.60
49	59	18.90
195	117	19.30
349	254	20.40
438	273	20.90
482	370	21.70
536	359	22.20
620	358	22.50
607	343	22.80
473	172	22.60
457	58	22.10
376	46	21.70
228	32	20.40
208	17	20.50
137	10	20.40
35	0	20.10
0	0	19.10
0	0	18.00
0	0	16.90
0	0	15.40
0	0	13.80
0	0	12.90
0	0	12.30
0	0	12.30
12	32	12.70
97	94	13.30
216	183	14.30
303	270	15.50
453	326	16.90
588	364	18.10
733	386	19.20
588	306	20.50
474	283	21.50
559	258	22.20
534	208	22.50
424	176	22.50
347	88	22.20
234	51	21.40
113	31	20.40
31	0	19.30
0	0	17.40
0	0	15.60
0	0	13.70
0	0	12.40
0	0	11.00
0	0	10.30
0	0	9.80
0	0	9.70
9	11	9.80
81	80	10.40
178	107	10.80
335	228	11.70
413	234	12.30
467	272	12.90
533	402	14.10
461	414	15.10
421	382	15.60
577	264	16.70
454	198	17.60
382	259	17.60
276	175	17.30
207	73	16.90
94	33	16.10
29	0	15.30
0	0	14.20
0	0	13.20
0	0	12.20
0	0	11.60
0	0	10.90
0	0	10.50
0	0	10.20
0	0	10.20
9	35	10.90
76	58	12.30
170	75	14.10
197	87	16.10
195	104	18.00
199	136	19.80
250	161	21.40
633	177	22.70
356	175	23.60
312	160	24.20
264	141	24.30
314	104	24.10
338	86	23.40
247	58	22.20
112	34	20.80
30	0	19.40
0	0	18.50
0	0	17.50
0	0	16.60
0	0	16.10
0	0	15.70
0	0	15.40
0	0	15.20
0	0	15.20
8	5	15.20
86	16	15.30
210	66	15.70
367	178	16.60
493	255	17.60
613	304	18.50
588	377	20.10
388	308	20.30
493	393	21.30
487	323	21.60
384	296	21.80
262	241	21.80
207	154	21.90
126	92	21.50
112	31	20.90
18	0	20.20
0	0	19.70
0	0	19.30
0	0	18.80
0	0	18.50
0	0	18.20
0	0	18.00
0	0	17.90
0	0	17.90
5	26	18.50
58	51	20.00
131	88	22.10
271	158	23.90
313	255	25.40
493	327	25.80
611	397	26.40
670	411	27.10
513	379	27.30
502	348	27.40
411	247	26.90
472	243	26.60
374	165	26.00
235	87	25.20
112	28	24.40
25	0	23.60
0	0	21.40
0	0	19.20
0	0	17.10
0	0	14.90
0	0	12.60
0	0	11.40
0	0	10.50
0	0	10.40
7	31	10.80
83	78	11.70
222	124	13.00
335	188	14.40
484	232	15.70
509	252	17.10
607	265	18.20
478	296	19.20
302	254	19.90
451	222	20.30
435	168	20.40
342	126	20.30
364	69	19.70
258	48	18.70
129	32	17.50
29	0	16.30
0	0	15.60
0	0	14.90
0	0	14.20
0	0	14.60
0	0	15.00
0	0	15.30
0	0	15.60
0	0	15.70
7	35	16.30
87	77	17.40
224	182	18.60
375	225	20.00
524	216	22.40
631	97	24.40
714	229	26.20
805	416	26.80
814	329	26.60
776	100	25.50
651	61	24.50
574	47	23.60
432	32	22.80
225	17	22.10
96	5	21.40
21	0	20.60
0	0	19.80
0	0	18.80
0	0	17.80
0	0	16.80
0	0	15.80
0	0	14.80
0	0	14.10
0	0	13.60
5	19	13.90
81	88	15.00
213	180	16.10
358	255	17.10
509	300	17.80
640	321	19.30
738	391	20.20
788	399	21.00
799	380	21.20
756	271	21.90
684	303	21.80
564	206	21.20
426	32	20.10
278	55	19.10
134	4	18.20
27	0	16.90
0	0	15.50
0	0	14.10
0	0	12.80
0	0	11.90
0	0	10.80
0	0	10.20
0	0	9.60
0	0	9.20
5	22	9.60
80	92	11.50
214	54	13.60
364	65	15.70
512	85	17.60
639	104	19.40
735	125	20.80
791	132	22.00
801	140	22.70
746	130	23.10
654	110	23.10
515	82	22.70
343	68	21.70
202	93	20.30
100	18	18.60
25	0	17.20
0	0	15.70
0	0	14.30
0	0	12.80
0	0	12.20
0	0	11.40
0	0	11.00
0	0	10.60
0	0	10.30
2	11	10.50
47	86	11.80
120	177	13.00
269	263	14.30
302	326	15.50
422	358	16.70
493	394	17.50
514	415	18.10
421	407	18.60
363	358	18.90
291	308	18.90
163	242	18.50
112	152	17.80
61	72	16.90
32	4	15.90
9	0	14.90
0	0	13.90
0	0	12.90
0	0	11.90
0	0	11.20
0	0	10.60
0	0	10.20
0	0	9.80
0	0	9.50
2	4	9.60
42	68	10.30
94	151	11.40
137	220	12.10
232	293	13.40
279	285	13.90
385	370	14.70
470	404	15.80
519	393	16.50
597	353	16.80
592	296	16.90
476	242	16.70
371	157	16.20
201	75	15.50
93	6	14.60
15	0	14.00
0	0	13.30
0	0	12.60
0	0	12.00
0	0	11.60
0	0	11.20
0	0	11.00
0	0	10.80
0	0	10.70
3	11	10.90
49	83	12.30
132	177	13.80
336	267	15.40
466	328	16.90
414	355	18.10
420	394	19.10
501	402	19.80
504	393	20.30
401	388	20.70
305	325	20.80
256	262	20.60
254	169	20.00
140	78	19.00
73	3	17.90
12	0	16.70
0	0	15.50
0	0	14.30
0	0	13.10
0	0	12.10
0	0	11.00
0	0	10.40
0	0	9.80
0	0	9.40
3	11	9.60
71	84	11.00
198	119	12.80
351	140	14.70
490	167	16.60
611	219	18.20
694	302	19.40
766	310	20.40
763	342	20.90
747	316	21.10
665	227	21.20
553	167	20.80
412	118	20.00
261	80	18.80
118	11	17.40
18	0	16.10
0	0	14.70
0	0	13.40
0	0	12.00
0	0	11.20
0	0	10.20
0	0	9.60
0	0	9.00
0	0	8.50
2	15	8.60
67	89	10.00
197	62	11.60
348	76	13.30
496	77	14.90
624	95	16.30
720	109	17.50
776	115	18.40
785	106	19.00
748	94	19.30
668	78	19.20
552	63	18.70
411	55	17.70
255	87	16.40
114	15	14.90
16	0	14.10
0	0	13.40
0	0	12.70
0	0	11.90
0	0	12.50
0	0	13.10
0	0	13.40
0	0	13.70
0	0	13.80
2	3	13.90
58	26	14.50
171	53	15.00
293	84	15.70
447	110	16.40
547	131	16.90
654	139	17.40
640	136	17.60
541	134	17.60
512	116	18.00
509	101	17.90
381	75	17.60
278	45	17.70
163	22	15.70
74	3	16.40
11	0	16.30
0	0	16.60
0	0	16.20
0	0	15.80
0	0	14.40
0	0	12.80
0	0	11.90
0	0	11.10
0	0	10.40
1	16	10.60
58	87	12.20
187	92	13.70
299	115	15.40
444	153	17.50
584	190	19.10
660	355	19.50
684	382	19.40
746	382	19.30
691	360	19.10
623	290	18.60
486	235	18.20
348	146	17.20
195	71	16.10
79	6	15.00
9	0	14.10
0	0	13.20
0	0	12.30
0	0	11.50
0	0	11.50
0	0	11.40
0	0	11.40
0	0	11.40
0	0	11.40
1	14	11.80
55	87	13.50
176	69	15.60
256	99	18.20
410	96	20.60
530	227	22.70
569	329	22.30
499	360	22.00
585	377	22.20
495	348	22.10
433	274	21.60
360	180	20.70
253	77	19.60
138	34	18.60
62	2	17.50
9	0	17.00
0	0	16.50
0	0	16.00
0	0	15.50
0	0	15.10
0	0	14.60
0	0	14.30
0	0	14.00
0	0	13.80
0	2	13.80
35	73	14.90
128	159	16.20
209	251	17.60
239	304	19.00
301	363	20.20
511	381	21.10
624	390	21.70
668	383	22.30
641	369	22.60
554	296	22.60
443	243	22.30
297	160	21.80
128	71	20.90
56	6	19.90
9	0	19.40
0	0	18.80
0	0	18.30
0	0	17.70
0	0	17.50
0	0	17.20
0	0	17.10
0	0	17.10
0	0	17.00
0	4	17.10
53	52	17.80
177	113	18.50
326	164	19.30
476	230	20.10
601	263	20.90
678	301	21.60
745	280	22.00
754	293	22.40
721	238	22.50
606	205	22.50
452	169	22.40
320	117	22.10
189	55	21.60
86	2	21.00
8	0	19.90
0	0	18.80
0	0	17.30
0	0	17.20
0	0	16.50
0	0	15.60
0	0	15.10
0	0	14.60
0	0	14.20
0	6	14.30
52	71	15.10
177	150	16.10
325	237	17.20
475	294	18.20
603	337	19.00
701	374	19.60
763	375	20.20
777	370	20.60
742	356	20.80
630	293	20.90
537	224	20.60
395	148	19.90
238	64	19.30
94	2	18.50
8	0	17.90
0	0	17.30
0	0	16.70
0	0	16.20
0	0	16.10
0	0	16.00
0	0	16.00
0	0	16.00
0	0	16.00
0	2	16.10
48	22	16.40
166	28	16.60
281	46	16.80
420	281	18.70
521	357	20.50
621	366	21.80
627	380	23.30
703	374	24.10
629	338	25.00
504	258	25.60
459	207	25.30
327	145	25.00
193	69	24.30
79	23	23.40
3	0	22.50
0	0	21.50
0	0	20.60
0	0	19.60
0	0	18.50
0	0	17.20
0	0	16.50
0	0	15.80
0	0	15.30
0	4	14.90
27	26	15.50
114	128	16.40
84	224	17.40
216	200	17.90
355	310	18.70
395	362	19.50
511	374	20.10
501	363	20.40
457	208	20.30
406	274	20.40
311	225	20.40
244	114	20.30
126	82	19.90
40	15	19.10
3	0	18.00
0	0	17.00
0	0	15.90
0	0	14.80
0	0	14.30
0	0	13.70
0	0	13.40
0	0	13.10
0	0	12.90
0	7	13.00
35	68	14.10
138	147	15.30
240	170	17.30
338	264	18.80
513	225	21.10
598	278	22.50
643	289	23.50
668	367	23.50
654	343	23.30
590	282	23.20
460	181	22.30
343	80	21.20
166	10	20.00
71	1	18.90
3	0	18.40
0	0	18.00
0	0	17.50
0	0	17.00
0	0	16.80
0	0	16.60
0	0	16.40
0	0	16.30
0	0	16.20
0	2	16.20
42	67	17.40
166	155	18.70
286	246	20.20
460	309	21.70
592	372	23.10
692	390	24.20
749	403	25.10
758	389	25.60
722	366	25.90
640	301	26.00
521	230	25.60
377	139	24.90
223	61	23.90
82	1	22.80
4	0	22.40
0	0	22.00
0	0	21.60
0	0	21.20
0	0	21.00
0	0	20.80
0	0	20.70
0	0	20.60
0	0	20.50
0	5	20.60
41	65	21.60
162	136	22.60
307	221	23.80
460	286	25.00
584	349	26.30
688	366	27.20
668	382	28.00
679	363	28.60
627	346	28.90
552	280	29.00
371	212	28.70
309	125	28.00
164	50	27.20
59	1	26.30
2	0	25.50
0	0	24.70
0	0	23.90
0	0	23.10
0	0	22.30
0	0	21.60
0	0	21.20
0	0	20.80
0	0	20.60
0	4	20.70
25	72	22.00
80	92	23.50
80	128	25.20
61	169	26.80
98	198	28.30
123	242	29.50
231	278	30.40
220	240	31.10
247	199	31.60
256	162	31.70
231	125	31.50
164	92	30.80
110	54	29.90
43	2	28.80
2	0	27.70
0	0	26.70
0	0	25.60
0	0	24.50
0	0	23.30
0	0	22.00
0	0	21.30
0	0	20.60
0	0	20.20
0	2	20.10
34	62	21.00
144	135	21.70
256	170	21.90
364	135	22.30
567	178	22.50
657	300	23.20
668	382	24.40
566	349	24.90
482	330	25.20
449	278	25.30
349	180	25.00
275	115	25.10
161	38	24.60
54	7	23.90
1	0	22.60
0	0	21.30
0	0	20.00
0	0	18.70
0	0	17.90
0	0	17.10
0	0	16.70
0	0	16.20
0	0	16.00
0	12	16.20
31	43	17.50
147	94	19.20
270	201	20.40
344	213	22.40
437	326	23.40
579	260	22.90
628	68	21.70
664	65	20.80
581	202	20.50
377	272	20.80
170	204	20.80
102	116	20.80
81	58	20.30
42	10	19.70
1	0	18.40
0	0	17.20
0	0	15.90
0	0	14.70
0	0	13.50
0	0	12.10
0	0	11.40
0	0	10.70
0	0	10.20
0	3	10.20
30	42	11.50
141	61	13.30
265	70	15.30
418	75	17.20
552	90	18.90
642	94	20.50
704	96	21.60
706	95	22.50
668	82	22.90
487	64	22.90
411	57	22.50
242	56	21.50
105	41	20.10
39	2	18.60
1	0	17.40
0	0	16.20
0	0	15.00
0	0	13.80
0	0	13.20
0	0	12.60
0	0	12.20
0	0	11.80
0	0	11.50
0	4	11.50
15	41	13.00
47	52	14.90
68	52	16.90
50	64	18.80
105	220	20.80
212	343	21.20
457	361	21.70
332	358	21.80
342	347	21.70
275	280	21.30
261	214	20.60
180	125	19.60
97	52	18.50
40	1	17.40
0	0	16.90
0	0	16.50
0	0	16.00
0	0	15.60
0	0	15.50
0	0	15.60
0	0	15.60
0	0	15.60
0	0	15.60
0	1	15.60
23	40	16.20
128	102	16.90
252	165	17.20
398	204	18.70
502	251	19.40
554	286	20.20
501	295	20.70
569	310	21.20
527	276	21.50
361	230	21.60
263	173	21.50
257	116	21.20
125	47	20.60
36	1	19.80
0	0	19.80
0	0	19.40
0	0	19.50
0	0	19.40
0	0	19.20
0	0	19.20
0	0	19.20
0	0	18.70
0	0	19.30
0	4	19.40
23	55	20.00
114	136	20.90
178	217	21.80
285	267	23.20
360	322	23.90
402	352	24.60
420	266	24.80
412	65	24.10
404	58	23.40
342	48	22.80
317	35	21.50
210	21	22.10
125	8	21.90
33	0	21.60
0	0	21.20
0	0	20.80
0	0	20.50
0	0	20.10
0	0	18.60
0	0	17.10
0	0	16.30
0	0	15.50
0	0	14.90
0	2	14.80
17	46	15.80
97	82	17.30
245	129	18.90
382	156	20.40
465	181	21.90
558	183	23.20
533	184	24.20
550	175	24.90
475	162	25.30
298	111	25.30
207	89	24.80
133	66	23.90
84	48	22.70
32	1	21.40
0	0	20.30
0	0	19.10
0	0	17.90
0	0	16.80
0	0	16.30
0	0	15.70
0	0	15.40
0	0	15.10
0	0	14.90
0	2	14.90
12	37	16.40
106	50	18.30
206	55	20.50
222	64	22.60
78	74	24.60
61	84	26.30
63	86	27.70
102	80	28.60
154	70	29.20
118	58	29.30
106	48	28.90
66	46	27.80
40	32	26.40
7	0	24.90
0	0	23.50
0	0	22.10
0	0	20.80
0	0	19.40
0	0	18.30
0	0	17.10
0	0	16.40
0	0	15.80
0	0	15.30
0	1	15.20
10	38	16.40
66	63	18.00
222	76	19.80
344	97	21.60
403	121	23.20
547	137	24.60
527	142	25.70
468	133	26.50
431	113	26.90
217	91	26.90
171	72	26.40
154	53	25.50
91	36	24.20
33	0	22.80
0	0	21.40
0	0	20.00
0	0	18.60
0	0	17.10
0	0	16.20
0	0	15.10
0	0	14.60
0	0	14.00
0	0	13.60
0	1	13.60
9	39	14.60
55	68	16.30
56	89	18.00
74	99	19.90
252	123	21.50
275	144	23.00
293	165	24.00
376	163	24.70
366	148	25.10
355	114	25.10
341	94	24.60
222	66	23.60
87	34	22.30
18	0	21.00
0	0	20.10
0	0	19.20
0	0	18.30
0	0	17.30
0	0	16.90
0	0	16.40
0	0	16.10
0	0	15.80
0	0	15.60
0	1	15.60
10	49	16.30
77	132	17.50
157	221	19.00
277	273	20.30
353	296	21.90
376	329	23.20
504	346	24.10
524	364	24.60
558	279	25.10
463	247	25.20
302	111	25.30
175	42	24.80
74	29	23.80
19	0	22.60
0	0	22.10
0	0	21.60
0	0	21.10
0	0	20.60
0	0	20.40
0	0	20.20
0	0	20.10
0	0	20.00
0	0	20.00
0	1	20.00
10	44	20.80
61	122	22.00
144	191	22.90
233	212	24.70
280	306	26.10
381	311	26.50
395	177	26.20
356	296	26.40
235	296	26.60
185	116	25.90
157	84	25.30
49	18	24.80
27	24	24.20
7	0	23.60
0	0	22.70
0	0	21.10
0	0	20.60
0	0	19.60
0	0	18.50
0	0	17.40
0	0	16.30
0	0	15.50
0	0	15.00
0	0	14.90
6	10	15.00
70	55	15.50
93	106	16.10
211	141	16.70
366	235	17.60
439	300	18.50
511	350	19.50
546	349	20.50
516	291	21.40
415	224	21.90
306	165	22.00
233	83	21.70
95	38	21.00
20	0	20.10
0	0	18.90
0	0	17.60
0	0	16.40
0	0	15.20
0	0	14.30
0	0	13.40
0	0	12.90
0	0	12.40
0	0	12.10
0	0	12.00
13	42	13.10
111	98	14.90
258	165	17.00
377	224	19.00
409	274	20.90
502	311	22.50
582	321	23.80
490	298	24.70
390	256	25.10
271	207	25.20
165	142	24.70
118	87	23.70
53	33	22.20
13	0	20.80
0	0	19.50
0	0	18.30
0	0	17.00
0	0	15.70
0	0	14.80
0	0	13.80
0	0	13.20
0	0	12.70
0	0	12.30
0	0	12.20
9	40	13.30
66	89	15.10
153	151	17.20
210	201	19.30
220	228	21.30
335	256	22.90
462	258	24.30
451	249	25.20
419	224	25.60
317	180	25.60
268	130	25.10
113	93	23.90
28	22	22.20
4	0	21.40
0	0	20.60
0	0	19.80
0	0	18.90
0	0	18.10
0	0	17.80
0	0	17.40
0	0	17.30
0	0	17.10
0	0	17.00
0	0	17.00
4	35	17.60
51	102	18.60
217	163	19.70
393	225	20.80
532	270	21.90
624	339	23.10
633	332	23.90
639	322	24.50
541	232	24.60
362	211	24.60
212	176	24.40
123	87	23.80
65	4	22.90
9	0	22.20
0	0	21.40
0	0	20.60
0	0	20.00
0	0	19.20
0	0	18.60
0	0	18.00
0	0	17.60
0	0	17.30
0	0	17.10
0	1	17.10
1	51	18.30
9	85	18.90
18	75	19.10
41	70	18.80
43	120	19.40
77	185	20.10
135	113	20.20
183	341	21.90
274	285	22.60
382	235	22.90
270	160	23.20
134	107	23.30
73	27	22.60
11	0	21.80
0	0	20.90
0	0	20.00
0	0	19.10
0	0	18.30
0	0	17.50
0	0	16.70
0	0	16.40
0	0	16.00
0	0	15.70
0	0	15.80
4	7	15.80
53	20	15.90
21	38	15.80
60	47	16.50
134	59	16.70
149	64	16.90
231	63	17.10
175	329	18.70
148	316	19.80
123	268	20.50
102	184	20.80
71	85	20.70
46	16	20.20
11	0	19.10
0	0	18.00
0	0	16.90
0	0	15.80
0	0	14.70
0	0	13.40
0	0	11.90
0	0	11.10
0	0	10.40
0	0	9.80
0	0	9.70
6	35	10.60
82	109	12.00
225	153	13.90
366	282	15.50
495	281	17.00
552	288	18.60
602	305	19.70
534	245	20.60
518	163	21.30
385	93	21.50
218	62	21.20
135	87	20.20
70	25	18.70
10	0	17.60
0	0	16.40
0	0	15.30
0	0	14.10
0	0	13.00
0	0	12.40
0	0	11.70
0	0	11.40
0	0	11.00
0	0	10.70
0	0	10.70
6	41	11.90
89	87	13.70
202	137	16.10
317	262	17.50
438	297	19.20
518	348	20.20
471	358	21.20
431	324	21.60
420	279	22.00
387	240	21.90
336	129	21.80
222	108	21.10
107	35	19.80
11	0	18.60
0	0	17.40
0	0	16.20
0	0	14.90
0	0	13.70
0	0	12.90
0	0	12.00
0	0	11.60
0	0	11.20
0	0	10.90
0	0	10.80
4	16	11.10
61	94	12.10
167	79	12.50
291	93	12.80
343	71	12.80
383	282	14.10
233	347	15.80
139	328	17.00
133	233	18.10
209	197	18.80
202	124	19.20
114	95	19.00
56	40	18.10
4	0	17.30
0	0	16.40
0	0	15.50
0	0	14.70
0	0	13.80
0	0	13.10
0	0	12.30
0	0	11.90
0	0	11.50
0	0	11.30
0	0	11.30
2	33	11.80
34	70	12.40
91	123	13.00
196	197	14.00
280	211	14.70
332	271	15.50
377	297	16.00
368	306	16.80
265	286	17.30
252	234	17.50
144	156	17.40
97	61	16.90
49	3	16.10
5	0	14.90
0	0	13.60
0	0	12.30
0	0	11.00
0	0	9.80
0	0	8.50
0	0	7.10
0	0	6.30
0	0	5.60
0	0	5.10
0	0	5.00
4	31	5.60
80	86	7.00
223	152	8.60
344	220	10.20
371	273	11.70
418	303	13.00
419	313	13.90
449	301	14.50
402	282	14.70
260	250	14.60
176	164	13.90
119	75	12.80
40	3	11.60
2	0	10.50
0	0	9.40
0	0	8.30
0	0	7.20
0	0	6.10
0	0	5.50
0	0	4.90
0	0	4.60
0	0	4.20
0	0	4.00
0	0	4.00
2	29	4.80
55	78	6.40
177	133	8.50
287	212	10.30
352	270	12.00
443	287	13.50
536	270	14.90
488	187	16.00
491	148	16.60
454	148	16.70
313	105	16.20
189	83	15.00
78	2	13.50
5	0	12.50
0	0	11.40
0	0	10.40
0	0	9.40
0	0	8.30
0	0	7.60
0	0	6.80
0	0	6.10
0	0	5.60
0	0	5.20
0	0	4.90
2	22	5.50
75	93	7.50
211	139	9.60
354	190	11.60
478	234	13.50
570	196	15.30
619	241	16.50
621	266	17.10
574	238	17.20
490	134	17.20
356	91	16.40
212	83	15.20
78	5	13.50
4	0	12.90
0	0	12.20
0	0	11.60
0	0	10.90
0	0	10.30
0	0	10.00
0	0	9.70
0	0	9.40
0	0	9.20
0	0	9.10
0	0	9.00
2	22	9.70
66	93	12.10
185	101	14.60
297	150	16.90
426	163	19.00
523	179	20.80
569	183	22.20
581	186	23.00
532	140	23.40
453	143	23.10
341	102	22.30
206	77	20.90
76	3	19.20
3	0	18.20
0	0	17.10
0	0	16.10
0	0	15.10
0	0	14.10
0	0	13.10
0	0	12.10
0	0	11.00
0	0	10.40
0	0	9.80
0	0	9.40
1	24	10.10
64	91	12.20
199	115	14.20
341	197	16.00
465	272	17.30
556	278	18.60
603	301	19.40
603	221	20.20
553	212	20.40
466	154	20.30
344	88	19.70
203	78	18.50
71	10	17.00
2	0	16.10
0	0	15.30
0	0	14.40
0	0	13.50
0	0	12.60
0	0	12.20
0	0	11.80
0	0	11.40
0	0	11.20
0	0	11.00
0	0	10.80
1	14	11.40
64	47	11.90
195	99	12.70
335	183	13.80
458	282	15.60
535	258	16.40
599	196	16.50
601	203	16.70
553	225	17.00
465	200	17.60
342	121	18.10
201	78	17.70
68	11	16.90
1	0	15.70
0	0	14.40
0	0	13.20
0	0	12.00
0	0	10.80
0	0	9.50
0	0	8.00
0	0	6.40
0	0	5.50
0	0	4.60
0	0	4.00
1	28	4.40
60	108	6.40
188	116	8.00
328	116	10.00
442	121	11.40
508	164	12.80
542	205	13.40
500	161	14.10
376	86	14.30
291	71	14.00
205	60	13.10
107	39	11.60
40	16	9.90
1	0	9.20
0	0	8.40
0	0	7.70
0	0	6.90
0	0	6.20
0	0	6.70
0	0	7.20
0	0	7.80
0	0	8.10
0	0	8.40
0	0	8.70
0	16	9.30
26	88	11.30
118	179	13.20
218	256	15.10
321	287	16.80
449	321	18.20
473	341	19.20
533	310	19.90
531	267	20.30
463	214	20.10
335	140	19.30
197	60	18.30
64	1	17.10
0	0	16.40
0	0	15.60
0	0	14.90
0	0	14.20
0	0	13.50
0	0	12.40
0	0	11.20
0	0	10.00
0	0	9.40
0	0	8.80
0	0	8.30
0	19	8.80
57	89	10.60
190	165	11.90
327	234	12.80
457	260	13.50
551	312	14.60
601	304	15.80
606	190	17.10
558	108	17.90
466	67	18.10
340	78	18.00
192	46	17.00
58	6	15.60
0	0	14.80
0	0	14.00
0	0	13.20
0	0	12.40
0	0	11.60
0	0	11.20
0	0	10.90
0	0	10.50
0	0	10.30
0	0	10.10
0	0	10.00
0	4	10.10
54	35	10.60
187	32	10.70
322	91	11.20
449	196	12.20
529	302	13.70
560	321	15.00
532	308	15.80
495	270	16.20
361	204	16.40
259	113	16.00
133	47	15.30
40	1	14.40
0	0	14.20
0	0	13.90
0	0	13.60
0	0	13.30
0	0	12.90
0	0	12.60
0	0	12.20
0	0	11.90
0	0	11.70
0	0	11.50
0	0	11.30
0	8	11.50
52	84	13.30
142	152	14.40
257	146	14.70
414	72	14.40
503	97	14.30
546	245	14.90
542	252	15.40
501	228	15.70
419	116	15.50
299	113	14.90
172	41	14.80
48	1	14.30
0	0	13.70
0	0	13.40
0	0	13.00
0	0	12.60
0	0	12.20
0	0	11.90
0	0	11.70
0	0	11.40
0	0	11.20
0	0	11.10
0	0	11.00
0	9	11.20
49	65	12.00
179	115	12.70
322	149	13.10
446	166	13.70
533	156	14.00
580	157	14.20
580	123	14.20
532	112	14.10
440	84	13.90
315	40	13.60
173	10	13.20
46	1	12.10
0	0	12.50
0	0	12.20
0	0	12.00
0	0	11.70
0	0	11.20
0	0	11.30
0	0	11.00
0	0	10.80
0	0	10.70
0	0	10.60
0	0	10.50
0	19	11.10
44	80	12.30
168	117	12.90
306	218	14.10
429	219	14.80
519	141	14.80
566	243	15.20
565	286	16.00
517	246	16.20
426	187	16.40
302	51	15.60
163	9	14.80
40	0	14.10
0	0	14.20
0	0	14.30
0	0	14.40
0	0	14.20
0	0	14.50
0	0	14.70
0	0	14.80
0	0	14.80
0	0	15.00
0	0	15.10
0	0	15.20
0	3	15.30
40	39	15.90
148	78	16.60
277	112	17.30
411	137	17.60
498	151	18.30
535	156	18.60
538	144	18.20
494	125	19.10
379	96	19.10
267	59	18.90
126	22	18.60
22	0	18.20
0	0	17.70
0	0	17.20
0	0	16.80
0	0	16.30
0	0	15.90
0	0	14.90
0	0	14.00
0	0	13.00
0	0	12.50
0	0	12.00
0	0	11.70
0	28	12.30
31	99	14.00
121	121	14.20
234	215	15.10
313	187	16.70
368	246	17.80
256	303	18.20
268	278	18.40
318	47	17.20
339	39	16.30
274	102	15.80
130	41	15.10
30	0	14.40
0	0	14.00
0	0	13.50
0	0	13.10
0	0	12.70
0	0	12.20
0	0	11.90
0	0	11.50
0	0	11.10
0	0	11.00
0	0	10.30
0	0	10.90
0	3	9.50
6	53	11.60
24	85	12.20
33	90	12.60
52	130	13.00
58	147	13.30
77	136	13.50
138	131	13.70
162	147	13.80
167	95	13.80
159	65	13.60
93	22	13.20
25	0	12.90
0	0	11.90
0	0	11.80
0	0	11.10
0	0	10.40
0	0	10.00
0	0	9.80
0	0	9.30
0	0	8.70
0	0	8.50
0	0	8.20
0	0	8.10
0	3	8.10
7	37	8.70
28	87	9.40
29	183	10.50
39	166	11.10
60	275	12.10
48	284	12.90
28	273	13.50
19	244	13.80
17	182	14.00
18	108	13.90
13	51	13.40
2	1	12.60
0	0	11.70
0	0	10.90
0	0	10.00
0	0	9.10
0	0	8.20
0	0	7.40
0	0	6.40
0	0	5.40
0	0	4.80
0	0	4.20
0	0	3.80
0	7	3.80
18	85	5.50
32	47	7.40
59	50	9.30
116	59	10.90
164	65	12.20
86	67	13.10
300	63	13.60
226	55	13.70
115	48	13.40
52	43	12.40
28	29	11.00
3	0	9.60
0	0	8.90
0	0	8.10
0	0	7.40
0	0	6.70
0	0	6.00
0	0	6.00
0	0	6.00
0	0	6.00
0	0	6.00
0	0	6.00
0	0	6.00
0	8	6.30
24	82	8.50
148	110	10.80
287	185	12.60
406	180	14.50
494	168	16.20
540	175	17.40
541	239	17.90
435	224	18.00
307	128	17.80
191	63	17.00
102	31	15.70
16	0	14.30
0	0	13.70
0	0	13.10
0	0	12.50
0	0	11.80
0	0	11.20
0	0	10.50
0	0	9.90
0	0	9.20
0	0	8.90
0	0	8.50
0	0	8.30
0	2	8.30
6	63	9.30
37	137	10.50
86	225	12.20
160	283	13.60
308	281	14.50
299	282	15.00
375	274	15.60
402	236	15.80
312	159	15.50
229	96	15.10
104	47	14.40
16	0	13.50
0	0	12.20
0	0	11.00
0	0	9.70
0	0	8.50
0	0	7.20
0	0	5.90
0	0	4.60
0	0	3.30
0	0	2.50
0	0	1.80
0	0	1.30
0	5	1.30
21	79	3.60
95	74	6.20
181	83	8.70
280	113	11.00
356	156	12.70
422	148	14.00
465	167	14.60
393	147	14.70
306	117	14.20
190	89	12.90
98	31	11.00
13	0	9.80
0	0	8.60
0	0	7.40
0	0	6.20
0	0	5.00
0	0	3.90
0	0	3.30
0	0	2.70
0	0	2.10
0	0	1.70
0	0	1.40
0	0	1.10
0	9	1.50
19	83	4.50
35	129	6.30
90	166	9.30
97	182	9.40
160	49	8.20
258	155	8.10
305	245	9.70
287	156	10.70
188	125	11.00
135	88	10.30
66	21	8.90
7	0	8.30
0	0	7.70
0	0	7.10
0	0	6.40
0	0	5.80
0	0	5.20
0	0	4.90
0	0	4.60
0	0	4.30
0	0	4.10
0	0	4.00
0	0	3.90
0	1	4.00
11	15	4.40
43	34	4.80
107	111	6.00
188	246	9.10
237	213	10.10
233	220	10.80
219	265	11.90
214	213	12.90
121	98	13.70
94	103	13.90
57	47	12.90
10	0	12.20
0	0	11.40
0	0	10.70
0	0	10.00
0	0	9.20
0	0	8.50
0	0	7.70
0	0	6.80
0	0	5.90
0	0	5.40
0	0	5.00
0	0	4.60
0	1	4.60
14	62	6.50
113	110	8.80
223	219	10.90
301	277	12.60
402	245	14.30
458	257	15.40
490	294	16.10
447	199	16.30
356	136	16.00
224	86	14.90
99	4	13.30
10	0	12.50
0	0	11.80
0	0	11.10
0	0	10.40
0	0	9.60
0	0	8.90
0	0	8.50
0	0	8.10
0	0	7.70
0	0	7.50
0	0	7.30
0	0	7.20
0	2	7.30
14	46	8.30
79	23	8.30
212	187	10.50
283	173	11.50
404	255	12.90
484	278	14.30
501	278	15.40
413	204	16.20
336	140	15.90
163	84	15.40
56	21	14.40
7	0	13.50
0	0	12.70
0	0	11.80
0	0	11.00
0	0	10.10
0	0	9.20
0	0	8.20
0	0	7.20
0	0	6.10
0	0	5.60
0	0	5.00
0	0	4.70
0	3	4.70
12	41	7.00
90	63	9.80
174	85	12.50
241	92	15.10
255	98	17.20
234	120	18.70
158	126	19.50
152	91	19.80
123	68	19.40
91	91	18.00
36	17	16.00
4	0	14.80
0	0	13.70
0	0	12.50
0	0	11.40
0	0	10.20
0	0	9.10
0	0	8.20
0	0	7.10
0	0	6.10
0	0	5.60
0	0	5.00
0	0	4.60
0	2	4.60
11	39	7.10
83	52	10.20
179	60	13.30
277	68	16.10
243	73	18.40
156	71	20.10
177	59	21.10
254	51	21.50
123	47	21.00
74	97	19.50
45	17	17.10
4	0	16.10
0	0	15.00
0	0	14.00
0	0	13.00
0	0	12.00
0	0	10.90
0	0	10.40
0	0	9.90
0	0	9.30
0	0	9.00
0	0	8.80
0	0	8.60
0	1	8.60
9	42	9.40
100	102	10.50
201	157	11.60
298	199	12.60
301	216	13.40
232	229	14.10
142	201	14.40
212	164	14.50
261	115	14.20
148	60	13.60
68	3	12.80
3	0	12.30
0	0	11.80
0	0	11.40
0	0	10.80
0	0	10.40
0	0	9.90
0	0	9.60
0	0	9.20
0	0	8.80
0	0	8.60
0	0	8.40
0	0	8.20
0	1	8.20
8	54	9.50
100	133	11.30
225	199	13.10
306	251	14.60
346	280	15.90
391	291	17.10
250	266	17.60
137	218	17.80
58	146	17.30
20	70	16.30
8	3	15.00
0	0	14.80
0	0	14.70
0	0	14.60
0	0	14.50
0	0	14.40
0	0	14.20
0	0	13.80
0	0	14.10
0	0	14.10
0	0	14.30
0	0	14.40
0	0	14.50
0	1	14.50
6	18	14.90
92	39	15.40
213	65	16.00
319	83	16.50
360	92	17.00
387	92	17.30
311	73	17.30
252	64	17.40
153	43	16.30
68	21	17.00
26	3	16.60
1	0	16.50
0	0	16.20
0	0	15.90
0	0	15.70
0	0	15.40
0	0	15.10
0	0	14.70
0	0	14.40
0	0	14.10
0	0	13.90
0	0	13.80
0	0	13.70
0	3	13.80
6	49	15.00
40	93	17.20
85	184	18.60
136	251	20.00
206	253	21.00
293	111	20.30
357	118	19.80
266	72	19.10
182	114	18.90
114	70	18.60
58	12	17.90
2	0	17.40
0	0	16.90
0	0	16.40
0	0	15.90
0	0	15.40
0	0	14.90
0	0	14.30
0	0	13.60
0	0	12.90
0	0	12.60
0	0	12.20
0	0	12.00
0	0	12.00
5	34	12.70
92	109	13.90
179	158	15.00
233	180	15.90
264	198	16.50
147	250	17.40
99	240	18.00
161	199	18.30
178	125	18.10
126	58	17.40
53	2	16.60
1	0	16.00
0	0	15.40
0	0	14.80
0	0	14.20
0	0	13.60
0	0	13.00
0	0	12.50
0	0	12.00
0	0	11.50
0	0	11.20
0	0	10.90
0	0	10.70
0	0	10.70
2	47	11.70
31	110	13.00
102	167	14.30
190	223	15.60
237	242	16.50
220	256	17.40
209	248	18.10
140	205	18.40
144	136	18.20
82	64	17.40
26	2	16.30
0	0	16.00
0	0	15.60
0	0	15.20
0	0	14.90
0	0	14.50
0	0	14.10
0	0	13.70
0	0	13.30
0	0	13.30
0	0	12.80
0	0	12.40
0	0	13.10
0	0	12.90
4	13	13.30
49	34	12.00
119	50	13.70
182	69	14.50
267	80	14.80
368	88	15.10
376	82	15.20
324	67	15.20
184	44	15.20
70	19	15.00
21	2	14.80
0	0	14.20
0	0	14.00
0	0	13.80
0	0	13.40
0	0	13.10
0	0	12.80
0	0	12.10
0	0	11.40
0	0	10.70
0	0	10.40
0	0	10.10
0	0	9.80
0	0	9.90
1	38	10.70
10	59	11.30
25	137	12.50
41	130	13.10
54	202	14.10
39	247	15.50
50	155	17.40
38	138	18.80
25	100	19.00
12	54	18.30
3	2	17.10
0	0	16.30
0	0	15.40
0	0	14.50
0	0	13.70
0	0	12.80
0	0	11.90
0	0	11.00
0	0	9.90
0	0	8.90
0	0	8.30
0	0	7.70
0	0	7.30
0	0	7.20
0	42	8.00
14	108	9.20
39	182	10.70
60	235	12.10
68	260	13.20
100	255	13.80
85	241	14.20
108	196	14.30
111	132	13.90
59	55	13.00
13	1	12.00
0	0	11.60
0	0	11.30
0	0	10.90
0	0	10.60
0	0	10.20
0	0	9.90
0	0	9.80
0	0	10.00
0	0	9.90
0	0	10.10
0	0	9.30
0	0	10.10
0	0	10.20
2	19	10.70
53	50	11.30
121	102	12.30
191	125	13.10
235	126	13.70
203	148	14.20
171	108	14.40
122	114	14.60
65	71	14.50
42	28	14.10
10	1	13.60
0	0	13.30
0	0	13.00
0	0	12.70
0	0	12.40
0	0	11.80
0	0	11.60
0	0	11.40
0	0	11.00
0	0	10.50
0	0	10.30
0	0	10.10
0	0	10.00
0	0	10.00
0	16	10.30
34	41	10.70
115	101	11.60
189	116	12.20
250	128	12.70
299	171	13.40
312	139	13.70
281	107	13.70
157	94	13.70
83	54	13.60
23	4	13.10
0	0	12.50
0	0	12.00
0	0	11.40
0	0	10.90
0	0	10.10
0	0	9.20
0	0	9.20
0	0	8.70
0	0	8.10
0	0	7.80
0	0	7.50
0	0	7.30
0	0	7.30
1	31	7.80
35	88	8.70
60	141	9.70
47	155	10.40
47	97	10.50
90	234	11.60
72	138	11.70
87	160	11.80
87	112	11.80
68	29	11.10
17	1	10.40
0	0	10.30
0	0	10.10
0	0	10.00
0	0	9.80
0	0	9.60
0	0	9.20
0	0	9.60
0	0	9.70
0	0	9.80
0	0	9.90
0	0	10.00
0	0	10.10
0	0	10.20
1	27	10.90
42	27	11.20
134	99	12.30
243	36	12.30
301	187	13.70
264	228	15.10
264	196	16.70
230	148	17.60
138	115	17.80
73	46	17.30
23	3	16.50
0	0	16.00
0	0	15.50
0	0	15.00
0	0	14.50
0	0	14.10
0	0	13.60
0	0	12.80
0	0	12.00
0	0	11.20
0	0	10.80
0	0	10.30
0	0	10.10
0	0	10.10
1	39	11.00
48	68	11.50
121	115	12.30
197	39	12.10
249	200	13.10
298	213	13.90
255	200	15.00
249	130	16.00
234	109	15.90
106	49	15.30
23	1	14.50
0	0	13.80
0	0	13.10
0	0	12.30
0	0	11.60
0	0	10.90
0	0	10.10
0	0	9.40
0	0	8.80
0	0	8.20
0	0	7.80
0	0	7.50
0	0	7.30
0	0	7.40
0	37	8.30
7	63	9.70
60	109	11.40
89	172	12.70
64	154	14.20
142	218	14.40
193	41	13.20
120	27	12.20
58	17	11.40
100	7	10.70
21	0	10.10
0	0	9.80
0	0	9.50
0	0	9.20
0	0	8.90
0	0	8.60
0	0	8.30
0	0	7.80
0	0	7.30
0	0	6.80
0	0	6.50
0	0	6.00
0	0	6.10
0	0	6.20
0	4	6.30
53	15	6.40
163	35	6.70
264	59	7.10
335	73	7.40
361	88	7.80
302	191	9.40
227	132	10.30
106	86	10.60
70	39	10.40
19	1	9.70
0	0	9.50
0	0	9.30
0	0	9.10
0	0	8.90
0	0	8.70
0	0	8.50
0	0	8.30
0	0	8.20
0	0	8.00
0	0	8.00
0	0	7.90
0	0	7.90
0	0	7.80
0	6	8.10
27	50	8.80
112	90	9.60
166	131	10.30
267	134	10.80
278	148	11.20
262	117	11.30
159	72	11.10
87	43	10.80
13	13	10.40
3	0	10.00
0	0	9.60
0	0	9.20
0	0	8.90
0	0	8.40
0	0	7.90
0	0	7.20
0	0	7.00
0	0	6.20
0	0	5.30
0	0	4.90
0	0	4.50
0	0	4.20
0	0	3.80
0	18	4.30
25	85	5.40
92	158	6.60
168	199	7.40
215	211	7.80
207	219	8.10
239	197	8.30
198	118	7.90
161	68	7.40
87	6	6.60
14	0	6.00
0	0	5.40
0	0	4.80
0	0	4.20
0	0	3.70
0	0	3.10
0	0	2.50
0	0	2.10
0	0	1.70
0	0	1.20
0	0	1.00
0	0	0.70
0	0	0.50
0	0	0.30
0	10	0.60
43	93	2.50
150	117	3.00
245	178	4.80
323	147	6.50
340	213	7.10
349	144	7.80
302	70	8.10
216	45	7.80
109	29	6.80
17	0	5.60
0	0	5.10
0	0	4.60
0	0	4.10
0	0	3.50
0	0	3.00
0	0	2.50
0	0	2.30
0	0	2.20
0	0	2.10
0	0	2.10
0	0	2.00
0	0	2.10
0	0	2.10
0	3	2.30
22	82	3.80
66	116	5.60
135	140	7.40
155	91	9.10
153	183	10.30
241	72	9.10
155	26	7.90
43	16	7.00
15	6	6.20
4	0	5.50
0	0	5.30
0	0	5.20
0	0	5.00
0	0	4.80
0	0	4.60
0	0	4.50
0	0	3.80
0	0	3.10
0	0	2.40
0	0	1.90
0	0	1.50
0	0	1.20
0	0	0.90
0	15	1.30
22	77	2.20
95	136	3.30
193	65	3.00
244	127	3.20
242	176	3.30
163	189	3.80
125	141	3.80
82	61	3.40
45	40	2.90
8	0	2.40
0	0	2.40
0	0	2.40
0	0	2.40
0	0	2.40
0	0	2.40
0	0	2.30
0	0	2.70
0	0	3.10
0	0	3.50
0	0	3.70
0	0	3.90
0	0	4.10
0	0	4.30
0	3	4.60
7	14	4.90
23	75	6.10
90	81	6.80
157	199	8.70
219	196	9.80
216	181	10.50
116	147	11.30
109	78	11.50
61	33	10.80
11	0	10.00
0	0	9.70
0	0	9.40
0	0	9.00
0	0	8.70
0	0	8.40
0	0	8.10
0	0	7.30
0	0	6.60
0	0	5.80
0	0	5.40
0	0	5.10
0	0	4.80
0	0	4.50
0	13	4.90
21	70	7.10
114	75	9.20
226	73	11.10
236	73	12.70
292	88	13.70
287	69	14.20
215	60	14.30
168	49	13.50
79	31	12.20
10	0	10.80
0	0	10.10
0	0	9.30
0	0	8.50
0	0	7.70
0	0	7.00
0	0	6.20
0	0	5.50
0	0	4.90
0	0	4.20
0	0	3.80
0	0	3.50
0	0	3.30
0	0	3.00
0	13	3.50
2	85	5.60
10	80	7.50
13	151	9.00
14	118	10.70
18	110	11.70
19	136	12.00
14	103	11.90
7	62	11.20
5	28	10.00
0	0	8.70
0	0	7.90
0	0	7.10
0	0	6.30
0	0	5.50
0	0	4.70
0	0	3.90
0	0	3.10
0	0	2.30
0	0	1.40
0	0	1.00
0	0	0.50
0	0	0.20
0	0	-0.20
0	2	-0.20
2	25	0.10
9	97	0.90
16	94	1.30
38	83	1.40
50	152	1.80
58	113	1.90
80	88	1.80
62	58	1.60
22	10	1.10
3	0	0.90
0	0	0.70
0	0	0.40
0	0	0.00
0	0	0.00
0	0	-0.20
0	0	-0.40
0	0	-0.30
0	0	-0.20
0	0	0.00
0	0	0.30
0	0	0.40
0	0	0.50
0	0	0.60
0	2	0.70
4	12	1.10
6	22	0.80
29	30	1.60
83	37	2.20
69	35	2.40
98	32	2.50
133	24	2.60
80	14	2.50
58	4	2.30
5	0	2.20
0	0	2.10
0	0	2.00
0	0	1.90
0	0	1.80
0	0	1.60
0	0	1.50
0	0	1.30
0	0	1.10
0	0	0.80
0	0	0.70
0	0	0.50
0	0	0.50
0	0	0.40
0	2	0.50
5	32	1.20
13	67	1.90
34	106	2.80
55	123	3.50
90	132	4.00
168	121	4.30
168	87	4.30
124	53	4.00
54	8	3.40
3	0	3.10
0	0	2.80
0	0	2.40
0	0	2.10
0	0	1.80
0	0	1.30
0	0	1.20
0	0	0.90
0	0	0.60
0	0	0.30
0	0	0.20
0	0	0.10
0	0	0.00
0	0	0.00
0	2	0.10
22	13	0.40
117	37	0.90
226	60	1.50
289	138	2.60
320	177	3.80
315	139	5.60
279	121	6.30
190	78	6.20
73	4	5.20
3	0	4.80
0	0	4.30
0	0	3.80
0	0	3.40
0	0	2.90
0	0	2.40
0	0	2.00
0	0	1.40
0	0	0.70
0	0	0.10
0	0	-0.20
0	0	-0.50
0	0	-0.80
0	0	-1.00
0	7	-0.70
21	77	2.10
116	60	4.80
220	63	7.40
298	62	9.70
335	54	11.20
258	55	11.90
181	50	11.90
117	88	10.80
55	19	8.90
4	0	8.20
0	0	7.50
0	0	6.80
0	0	6.10
0	0	5.40
0	0	4.70
0	0	4.00
0	0	3.40
0	0	2.80
0	0	2.20
0	0	1.80
0	0	1.50
0	0	1.30
0	0	1.10
0	2	1.10
18	62	2.70
110	126	4.60
209	178	6.30
276	167	7.90
303	207	8.70
295	185	9.10
241	139	9.10
136	77	8.50
53	16	7.30
3	0	6.60
0	0	5.90
0	0	5.30
0	0	4.60
0	0	3.90
0	0	3.20
0	0	2.60
0	0	2.00
0	0	1.40
0	0	0.80
0	0	0.50
0	0	0.10
0	0	-0.10
0	0	-0.30
0	5	-0.10
6	73	2.40
59	74	4.90
90	84	7.30
148	72	9.40
116	67	10.80
132	65	11.50
101	52	11.60
76	88	10.70
35	23	8.80
1	0	8.30
0	0	7.80
0	0	7.30
0	0	6.80
0	0	6.30
0	0	5.80
0	0	5.20
0	0	4.90
0	0	4.50
0	0	4.10
0	0	3.90
0	0	3.70
0	0	3.60
0	0	3.40
0	4	3.60
10	58	5.70
75	86	8.10
155	101	10.30
235	118	12.20
294	150	13.20
318	135	13.60
266	97	13.50
178	70	12.50
71	3	10.80
3	0	10.60
0	0	10.40
0	0	10.10
0	0	9.90
0	0	9.70
0	0	9.50
0	0	9.20
0	0	9.10
0	0	9.00
0	0	8.90
0	0	8.80
0	0	8.80
0	0	8.70
0	0	8.70
0	1	8.70
9	18	9.10
75	35	9.50
138	52	9.90
225	59	10.20
262	62	10.40
271	59	10.60
231	45	10.60
155	25	10.40
60	3	10.10
2	0	9.90
0	0	9.80
0	0	9.60
0	0	9.10
0	0	9.40
0	0	9.30
0	0	9.20
0	0	9.00
0	0	8.80
0	0	8.80
0	0	8.80
0	0	8.70
0	0	8.70
0	0	8.70
0	1	8.80
5	38	9.70
36	81	10.80
74	119	11.80
125	140	12.60
148	148	13.30
140	132	13.60
149	98	13.60
98	52	13.20
40	4	12.50
1	0	12.20
0	0	11.80
0	0	11.40
0	0	11.00
0	0	10.70
0	0	10.30
0	0	9.90
0	0	9.40
0	0	9.00
0	0	8.60
0	0	8.40
0	0	8.20
0	0	8.10
0	0	8.00
0	1	8.10
3	52	9.40
31	101	10.70
66	129	11.70
105	168	13.50
122	152	15.10
126	102	16.40
119	48	17.00
81	79	16.60
21	11	15.30
0	0	14.40
0	0	13.50
0	0	12.60
0	0	11.70
0	0	10.80
0	0	9.90
0	0	9.00
0	0	7.90
0	0	6.80
0	0	5.60
0	0	5.00
0	0	4.40
0	0	4.00
0	0	3.60
0	3	3.60
3	38	5.70
32	47	8.00
84	50	10.20
123	49	12.00
135	49	13.20
115	48	13.80
118	45	13.80
61	79	12.80
21	10	11.10
0	0	10.10
0	0	9.20
0	0	8.30
0	0	7.40
0	0	6.40
0	0	5.50
0	0	4.60
0	0	3.90
0	0	3.20
0	0	2.50
0	0	2.10
0	0	1.80
0	0	1.50
0	0	1.30
0	2	1.30
1	36	3.60
15	46	6.20
54	47	8.70
118	49	10.70
152	49	12.10
176	49	12.80
177	44	12.80
138	80	11.80
42	9	9.90
0	0	9.30
0	0	8.70
0	0	8.10
0	0	7.40
0	0	6.80
0	0	6.20
0	0	5.60
0	0	5.10
0	0	4.70
0	0	4.20
0	0	4.00
0	0	3.70
0	0	3.60
0	0	3.40
0	1	3.40
4	47	4.50
53	101	5.80
109	152	7.30
188	183	8.60
235	187	9.50
244	166	10.10
192	126	10.10
125	62	9.50
47	5	8.40
0	0	7.90
0	0	7.30
0	0	6.80
0	0	6.20
0	0	5.70
0	0	5.10
0	0	4.50
0	0	4.00
0	0	3.40
0	0	2.80
0	0	2.50
0	0	2.10
0	0	1.90
0	0	1.60
0	3	1.70
3	18	2.00
20	87	3.00
55	84	3.50
94	51	3.50
164	61	3.50
75	159	4.90
114	106	5.30
86	86	5.40
36	14	4.80
0	0	4.60
0	0	4.50
0	0	4.40
0	0	4.30
0	0	4.10
0	0	4.00
0	0	3.90
0	0	4.00
0	0	4.20
0	0	4.30
0	0	4.40
0	0	4.50
0	0	4.60
0	0	4.70
0	1	4.70
4	11	5.10
52	30	5.60
119	47	6.10
176	56	6.00
220	54	6.70
223	47	6.90
163	30	6.90
109	15	6.70
41	2	6.40
0	0	6.40
0	0	6.40
0	0	6.40
0	0	6.30
0	0	6.30
0	0	6.10
0	0	6.20
0	0	5.90
0	0	6.00
0	0	5.70
0	0	5.70
0	0	5.70
0	0	5.50
0	0	5.60
0	0	5.60
3	8	5.70
59	19	5.90
117	31	6.10
170	35	6.30
227	36	6.40
208	34	6.40
176	24	6.40
98	12	6.30
24	2	6.20
0	0	6.10
0	0	5.30
0	0	5.70
0	0	5.40
0	0	5.40
0	0	5.30
0	0	5.10
0	0	4.60
0	0	4.00
0	0	3.30
0	0	2.90
0	0	2.50
0	0	2.20
0	0	2.00
0	0	1.90
2	39	2.50
28	80	3.20
40	113	3.80
39	127	4.20
28	142	4.60
20	144	4.80
12	106	4.80
8	44	4.30
2	1	3.60
0	0	4.00
0	0	4.40
0	0	4.70
0	0	5.10
0	0	5.50
0	0	5.90
0	0	6.20
0	0	6.30
0	0	7.00
0	0	7.50
0	0	7.70
0	0	8.00
0	0	8.20
0	0	8.40
0	0	8.50
1	13	9.00
32	36	9.80
81	54	10.50
138	67	11.20
202	77	11.70
197	74	12.20
156	55	12.30
87	27	12.10
34	2	11.60
0	0	11.60
0	0	11.50
0	0	11.40
0	0	11.30
0	0	11.20
0	0	11.20
0	0	11.00
0	0	10.70
0	0	10.30
0	0	9.90
0	0	9.70
0	0	9.50
0	0	9.10
0	0	8.60
0	0	7.90
0	5	9.00
8	15	9.00
22	23	9.00
40	26	8.90
63	27	8.90
112	23	8.90
151	16	8.80
50	8	8.80
17	1	8.80
0	0	8.50
0	0	8.10
0	0	8.20
0	0	8.10
0	0	8.00
0	0	7.50
0	0	7.40
0	0	7.20
0	0	6.60
0	0	6.10
0	0	5.80
0	0	5.60
0	0	5.40
0	0	5.20
0	0	5.10
1	35	5.80
58	90	6.90
146	125	7.70
199	154	8.50
207	138	8.80
190	139	9.20
171	81	8.90
105	42	8.40
31	1	7.70
0	0	7.50
0	0	7.30
0	0	7.10
0	0	6.90
0	0	6.70
0	0	6.40
0	0	6.20
0	0	6.20
0	0	6.10
0	0	6.00
0	0	6.00
0	0	6.00
0	0	6.00
0	0	6.00
0	0	6.00
1	17	6.40
42	43	7.00
101	76	7.70
145	89	8.30
184	94	8.70
105	77	8.90
49	58	8.90
15	36	8.70
2	2	8.20
0	0	7.80
0	0	8.00
0	0	7.80
0	0	7.70
0	0	7.60
0	0	7.40
0	0	7.30
0	0	7.10
0	0	6.90
0	0	6.80
0	0	6.70
0	0	6.60
0	0	6.60
0	0	6.60
0	0	6.60
0	17	7.00
5	45	7.60
19	61	8.10
35	86	8.60
32	94	9.00
51	103	9.40
78	67	9.50
44	39	9.30
18	3	8.90
0	0	8.50
0	0	8.10
0	0	7.80
0	0	7.20
0	0	7.10
0	0	6.80
0	0	6.40
0	0	5.70
0	0	4.90
0	0	4.20
0	0	3.80
0	0	3.40
0	0	3.10
0	0	2.80
0	0	2.70
0	13	2.70
41	38	2.80
122	58	2.90
181	69	3.00
220	67	3.00
195	53	2.90
109	43	2.80
91	21	2.70
22	1	2.50
0	0	2.30
0	0	2.10
0	0	1.90
0	0	1.70
0	0	1.50
0	0	0.90
0	0	1.10
0	0	1.20
0	0	1.50
0	0	1.70
0	0	1.90
0	0	2.00
0	0	2.20
0	0	2.30
0	0	2.40
0	22	3.10
25	14	3.30
67	71	4.20
88	90	5.10
117	129	7.40
129	100	9.50
108	43	10.30
68	31	10.30
21	9	9.20
0	0	8.80
0	0	8.40
0	0	8.00
0	0	7.60
0	0	7.20
0	0	6.80
0	0	6.40
0	0	5.60
0	0	4.70
0	0	3.80
0	0	3.40
0	0	2.90
0	0	2.60
0	0	2.20
0	0	2.20
0	30	2.80
35	84	3.80
84	131	5.00
148	124	6.10
157	133	6.80
153	141	7.10
144	102	7.00
87	50	6.30
22	1	5.40
0	0	5.00
0	0	4.50
0	0	4.10
0	0	3.60
0	0	3.20
0	0	2.70
0	0	2.30
0	0	2.10
0	0	1.90
0	0	1.80
0	0	1.70
0	0	1.60
0	0	1.60
0	0	1.50
0	0	1.60
0	25	2.20
17	72	3.20
31	110	4.10
27	134	5.00
39	128	5.40
39	118	5.70
22	85	5.80
12	38	5.40
3	1	4.80
0	0	4.30
0	0	3.80
0	0	3.40
0	0	2.90
0	0	2.50
0	0	2.00
0	0	1.50
0	0	0.80
0	0	-0.10
0	0	-0.90
0	0	-1.40
0	0	-1.90
0	0	-2.20
0	0	-2.60
0	0	-2.70
0	26	-1.70
8	40	-0.20
25	45	1.50
41	48	2.90
51	47	3.90
56	46	4.30
43	42	4.20
30	34	3.40
9	2	2.10
0	0	1.50
0	0	0.90
0	0	0.20
0	0	-0.40
0	0	-1.00
0	0	-1.60
0	0	-2.20
0	0	-2.50
0	0	-2.70
0	0	-3.00
0	0	-3.20
0	0	-3.40
0	0	-3.50
0	0	-3.70
0	0	-3.70
0	28	-2.80
15	50	-1.40
42	64	0.10
70	80	1.30
79	80	2.10
93	75	2.50
88	72	2.40
56	44	1.60
12	1	0.50
0	0	0.10
0	0	-0.40
0	0	-0.80
0	0	-1.30
0	0	-1.70
0	0	-2.20
0	0	-2.60
0	0	-2.80
0	0	-3.00
0	0	-3.20
0	0	-3.30
0	0	-3.40
0	0	-3.50
0	0	-3.60
0	0	-3.60
0	25	-2.60
8	42	-0.90
35	48	0.90
54	56	2.50
92	53	3.60
93	50	4.10
100	43	4.10
52	34	3.20
14	2	2.00
0	0	1.40
0	0	0.80
0	0	0.30
0	0	-0.30
0	0	-0.80
0	0	-1.40
0	0	-1.90
0	0	-2.30
0	0	-2.60
0	0	-2.90
0	0	-3.10
0	0	-3.20
0	0	-3.40
0	0	-3.50
0	0	-3.60
0	21	-2.40
13	81	0.80
47	57	3.30
78	52	5.60
122	52	7.10
89	46	7.90
74	50	7.90
47	35	6.70
11	3	4.80
0	0	4.10
0	0	3.40
0	0	2.80
0	0	2.10
0	0	1.40
0	0	0.70
0	0	0.00
0	0	-0.80
0	0	-1.80
0	0	-2.70
0	0	-3.30
0	0	-3.80
0	0	-4.30
0	0	-4.70
0	0	-5.10
0	21	-4.40
10	68	-2.30
83	69	-0.40
148	61	1.20
198	73	2.00
178	71	2.30
142	71	1.70
78	41	0.50
13	1	-1.00
0	0	-0.80
0	0	-0.60
0	0	-0.50
0	0	-0.30
0	0	-0.10
0	0	0.00
0	0	0.20
0	0	0.60
0	0	1.00
0	0	1.50
0	0	1.80
0	0	2.10
0	0	2.40
0	0	2.70
0	0	2.80
0	4	3.30
21	23	4.10
70	27	4.60
125	28	4.90
157	30	5.10
158	122	8.00
140	55	9.40
84	38	9.50
17	1	8.60
0	0	8.50
0	0	8.40
0	0	8.30
0	0	8.20
0	0	8.20
0	0	8.10
0	0	8.00
0	0	7.50
0	0	6.90
0	0	6.30
0	0	6.00
0	0	5.70
0	0	5.40
0	0	5.20
0	0	5.00
0	5	5.00
14	34	5.30
48	49	5.50
71	57	5.60
56	65	5.70
81	55	5.70
122	39	5.60
83	20	5.40
16	1	5.20
0	0	4.80
0	0	4.40
0	0	4.10
0	0	3.40
0	0	3.20
0	0	2.90
0	0	2.60
0	0	2.30
0	0	1.90
0	0	1.50
0	0	1.30
0	0	1.10
0	0	0.90
0	0	0.80
0	0	0.70
0	4	0.90
23	15	1.10
78	33	1.50
95	36	1.70
117	41	1.90
116	117	3.70
88	44	4.60
59	39	4.60
15	1	3.90
0	0	3.40
0	0	3.00
0	0	2.60
0	0	2.20
0	0	1.80
0	0	1.40
0	0	0.90
0	0	0.50
0	0	0.10
0	0	-0.40
0	0	-0.60
0	0	-0.90
0	0	-1.10
0	0	-1.30
0	0	-1.50
0	3	-1.30
20	58	-0.10
93	87	0.80
134	129	1.90
167	146	2.80
145	129	3.30
98	84	3.10
50	41	2.60
7	1	1.70
0	0	1.40
0	0	1.20
0	0	1.00
0	0	0.70
0	0	0.50
0	0	0.20
0	0	0.00
0	0	-0.20
0	0	-0.30
0	0	-0.50
0	0	-0.50
0	0	-0.60
0	0	-0.70
0	0	-0.70
0	0	-0.80
0	3	-0.60
17	58	0.90
84	105	2.50
145	135	3.80
163	122	4.20
163	106	4.40
147	87	4.50
77	39	4.10
15	1	3.20
0	0	3.00
0	0	2.90
0	0	2.70
0	0	2.60
0	0	2.40
0	0	2.30
0	0	2.20
0	0	1.90
0	0	1.90
0	0	1.80
0	0	1.70
0	0	1.70
0	0	1.60
0	0	1.60
0	0	1.60
0	4	1.80
7	38	2.70
14	61	3.40
33	73	4.00
47	85	4.40
52	101	4.90
70	66	4.90
52	33	4.60
13	1	4.10
0	0	3.70
0	0	3.40
0	0	3.10
0	0	2.70
0	0	2.30
0	0	2.00
0	0	1.70
0	0	1.20
0	0	0.70
0	0	0.20
0	0	0.00
0	0	-0.30
0	0	-0.60
0	0	-0.80
0	0	-1.00
0	5	-0.90
8	48	-0.20
42	67	0.20
79	72	0.40
103	75	0.50
120	82	0.60
100	47	0.50
54	24	0.20
13	1	-0.30
0	0	-0.30
0	0	-0.60
0	0	-0.50
0	0	-0.50
0	0	-0.60
0	0	-0.60
0	0	-0.70
0	0	-0.50
0	0	-0.20
0	0	-0.10
0	0	-0.10
0	0	0.40
0	0	0.50
0	0	0.60
0	0	0.80
0	3	1.10
4	36	2.30
20	55	3.10
58	76	4.00
77	81	4.50
84	76	4.90
85	65	5.10
47	26	4.70
7	1	4.10
0	0	3.90
0	0	3.70
0	0	3.40
0	0	3.20
0	0	3.00
0	0	2.70
0	0	2.50
0	0	1.40
0	0	0.10
0	0	-1.20
0	0	-1.90
0	0	-2.60
0	0	-3.30
0	0	-3.80
0	0	-4.40
0	12	-4.10
5	74	-2.20
22	71	-0.90
42	101	0.10
64	96	0.80
64	81	1.30
50	75	1.10
29	37	0.10
5	2	-1.20
0	0	-1.50
0	0	-1.80
0	0	-2.10
0	0	-2.40
0	0	-2.70
0	0	-3.00
0	0	-3.30
0	0	-3.00
0	0	-2.60
0	0	-2.20
0	0	-2.00
0	0	-1.70
0	0	-1.50
0	0	-1.30
0	0	-1.10
0	10	-0.40
6	63	2.70
21	76	5.40
46	95	7.50
77	90	8.90
88	70	9.70
74	60	9.60
55	37	8.40
13	1	6.80
0	0	6.60
0	0	6.40
0	0	6.20
0	0	6.00
0	0	5.80
0	0	5.60
0	0	5.40
0	0	4.70
0	0	4.00
0	0	3.30
0	0	2.80
0	0	2.40
0	0	2.00
0	0	1.70
0	0	1.30
0	2	1.20
12	13	0.90
72	24	0.60
114	30	0.40
146	33	0.20
134	26	0.10
113	20	0.50
64	8	0.40
11	1	0.10
0	0	0.20
0	0	-0.20
0	0	-0.20
0	0	-0.50
0	0	-0.70
0	0	-0.90
0	0	-1.20
0	0	-1.00
0	0	-0.70
0	0	-0.40
0	0	-0.20
0	0	-0.10
0	0	0.10
0	0	0.20
0	0	0.40
0	6	0.80
5	63	3.40
22	74	5.90
50	106	7.60
72	109	8.80
59	133	9.30
56	90	9.10
26	36	8.20
4	1	6.80
0	0	6.70
0	0	6.60
0	0	6.50
0	0	6.50
0	0	6.40
0	0	6.30
0	0	6.20
0	0	5.80
0	0	5.40
0	0	5.00
0	0	4.70
0	0	4.50
0	0	4.30
0	0	4.10
0	0	3.90
0	5	4.10
9	58	5.50
43	106	6.70
79	133	7.60
122	135	8.20
98	118	8.40
56	80	8.10
39	33	7.40
10	1	6.50
0	0	6.50
0	0	6.60
0	0	6.60
0	0	6.60
0	0	6.60
0	0	6.60
0	0	6.60
0	0	6.70
0	0	6.90
0	0	7.10
0	0	7.20
0	0	7.40
0	0	7.50
0	0	7.60
0	0	7.70
0	2	7.90
7	29	8.80
40	65	9.90
58	76	10.70
72	98	11.50
73	73	11.70
60	46	11.60
43	16	11.10
8	1	10.60
0	0	10.40
0	0	9.90
0	0	9.90
0	0	9.70
0	0	9.50
0	0	9.30
0	0	9.00
0	0	8.30
0	0	7.40
0	0	6.60
0	0	6.10
0	0	5.60
0	0	5.10
0	0	4.70
0	0	4.40
0	4	4.30
4	48	4.60
30	69	4.80
49	69	4.80
50	74	4.80
44	72	4.80
33	54	4.60
18	29	4.20
3	1	4.10
0	0	4.00
0	0	3.90
0	0	3.70
0	0	3.60
0	0	3.50
0	0	3.40
0	0	3.30
0	0	3.60
0	0	4.10
0	0	4.60
0	0	4.80
0	0	5.10
0	0	5.40
0	0	5.70
0	0	5.90
0	3	6.20
10	39	7.50
52	94	9.40
62	87	10.10
79	126	11.20
113	111	11.80
130	59	11.60
73	18	10.90
11	1	10.20
0	0	10.00
0	0	9.90
0	0	9.80
0	0	9.70
0	0	9.50
0	0	9.40
0	0	9.30
0	0	8.70
0	0	8.10
0	0	7.50
0	0	7.10
0	0	6.80
0	0	6.50
0	0	6.20
0	0	6.00
0	8	6.20
8	47	6.90
60	94	8.10
135	106	8.50
169	113	8.80
161	108	8.90
117	83	8.90
70	30	8.40
14	2	7.70
0	0	7.40
0	0	7.10
0	0	6.80
0	0	6.40
0	0	6.10
0	0	5.80
0	0	5.50
0	0	5.40
0	0	5.30
0	0	5.20
0	0	5.20
0	0	5.20
0	0	5.20
0	0	5.20
0	0	5.20
0	2	5.30
10	35	6.20
64	73	7.20
106	102	8.10
160	111	8.80
148	97	9.10
136	66	9.10
75	32	8.70
16	1	8.10
0	0	7.80
0	0	7.40
0	0	7.00
0	0	6.60
0	0	6.10
0	0	5.90
0	0	5.50
0	0	4.30
0	0	3.20
0	0	1.70
0	0	1.00
0	0	-0.20
0	0	-0.30
0	0	-0.80
0	0	-1.30
0	2	-1.70
10	12	-2.40
63	22	-3.10
123	27	-3.70
148	29	-4.20
112	23	-4.50
69	17	-3.10
42	9	-3.10
11	1	-2.80
0	0	-3.10
0	0	-3.30
0	0	-3.50
0	0	-3.80
0	0	-4.10
0	0	-4.40
0	0	-4.60
0	0	-3.90
0	0	-3.00
0	0	-2.20
0	0	-1.70
0	0	-1.10
0	0	-0.60
0	0	-0.20
0	0	0.20
0	2	0.60
10	9	1.10
70	60	2.80
131	40	3.30
182	65	4.10
177	113	7.10
114	51	8.60
55	36	8.60
9	2	7.50
0	0	7.20
0	0	6.90
0	0	6.50
0	0	6.20
0	0	5.90
0	0	5.60
0	0	5.20
0	0	3.80
0	0	2.10
0	0	0.50
0	0	-0.40
0	0	-1.30
0	0	-2.20
0	0	-2.80
0	0	-3.50
0	7	-3.40
1	33	-1.40
15	51	0.40
29	56	1.80
53	58	2.70
57	55	3.10
17	44	2.90
16	30	1.80
2	1	0.40
0	0	-0.60
0	0	-1.50
0	0	-2.50
0	0	-3.50
0	0	-4.40
0	0	-5.40
0	0	-6.40
0	0	-6.80
0	0	-7.20
0	0	-7.60
0	0	-7.80
0	0	-8.00
0	0	-8.20
0	0	-8.30
0	0	-8.40
0	11	-7.80
3	70	-5.00
20	72	-4.80
33	88	-4.40
38	113	-2.30
39	72	-1.30
24	63	-1.10
11	42	-1.80
3	5	-3.00
0	0	-3.30
0	0	-3.70
0	0	-4.00
0	0	-4.30
0	0	-4.60
0	0	-4.90
0	0	-5.20
0	0	-5.60
0	0	-6.00
0	0	-6.50
0	0	-6.70
0	0	-6.90
0	0	-7.20
0	0	-7.30
0	0	-7.50
0	2	-7.50
7	9	-7.50
55	16	-7.20
89	21	-7.10
91	55	-6.80
64	124	-5.40
51	86	-5.00
30	53	-5.00
4	2	-5.50
0	0	-5.70
0	0	-5.80
0	0	-5.90
0	0	-6.00
0	0	-6.10
0	0	-6.30
0	0	-6.40
0	0	-6.30
0	0	-6.30
0	0	-6.20
0	0	-6.20
0	0	-6.10
0	0	-6.00
0	0	-6.00
0	0	-5.90
0	2	-5.80
5	10	-5.50
31	50	-4.50
89	108	-3.00
136	26	-3.20
91	115	-1.70
70	77	-1.00
43	43	-1.10
10	1	-1.90
0	0	-2.00
0	0	-2.20
0	0	-2.30
0	0	-2.40
0	0	-2.60
0	0	-2.70
0	0	-2.90
0	0	-3.20
0	0	-3.50
0	0	-3.80
0	0	-4.00
0	0	-4.20
0	0	-4.30
0	0	-4.40
0	0	-4.50
0	2	-4.50
7	10	-4.30
45	68	-3.30
79	90	-2.60
71	125	-1.70
45	103	-1.40
29	85	-1.20
25	43	-1.40
8	1	-2.00
0	0	-2.40
0	0	-2.70
0	0	-3.00
0	0	-3.40
0	0	-3.70
0	0	-4.10
0	0	-4.40
0	0	-4.80
0	0	-5.10
0	0	-5.50
0	0	-5.60
0	0	-5.80
0	0	-6.00
0	0	-6.10
0	0	-6.30
0	4	-6.10
8	43	-3.80
63	63	-1.70
126	85	-0.10
150	105	1.00
142	80	1.50
109	68	1.40
63	44	0.50
16	1	-0.90
0	0	-1.00
0	0	-1.20
0	0	-1.30
0	0	-1.40
0	0	-1.50
0	0	-1.60
0	0	-1.70
0	0	-1.80
0	0	-1.80
0	0	-1.90
0	0	-1.90
0	0	-1.90
0	0	-2.00
0	0	-2.00
0	0	-2.00
0	2	-1.90
7	43	-0.80
56	77	0.20
103	105	1.10
136	127	1.90
144	116	2.30
87	74	2.20
54	34	1.70
16	1	0.90
0	0	1.10
0	0	1.40
0	0	1.60
0	0	1.90
0	0	2.10
0	0	2.30
0	0	2.60
0	0	2.60
0	0	2.70
0	0	2.80
0	0	2.80
0	0	2.90
0	0	2.90
0	0	2.90
0	0	3.00
0	2	3.10
9	20	3.80
74	36	4.30
147	52	4.80
182	59	5.20
160	57	5.50
111	36	5.50
67	19	5.30
13	1	5.00
0	0	4.80
0	0	4.60
0	0	4.30
0	0	4.20
0	0	3.70
0	0	3.70
0	0	3.60
0	0	3.00
0	0	2.10
0	0	1.30
0	0	0.80
0	0	0.30
0	0	-0.10
0	0	-0.50
0	0	-0.90
0	2	-0.90
10	36	-0.70
75	72	-0.40
149	80	-0.30
170	87	-0.30
150	63	-0.40
109	47	-0.50
69	26	-0.80
17	1	-1.10
0	0	-1.20
0	0	-1.40
0	0	-1.50
0	0	-1.80
0	0	-1.90
0	0	-2.20
0	0	-2.20
