0	0	1.07
0	0	1.17
0	0	1.04
0	0	0.77
0	0	0.67
0	0	1.14
0	0	0.75
0	0	1.66
0	0	1.50
22	21	2.23
80	73	3.33
147	105	4.11
153	117	5.03
179	105	5.56
117	89	6.59
107	29	6.60
0	0	6.83
0	0	6.65
0	0	6.44
0	0	6.05
0	0	6.08
0	0	5.70
0	0	6.07
0	0	6.82
0	0	6.14
0	0	6.15
0	0	5.52
0	0	5.81
0	0	6.21
0	0	6.60
0	0	5.50
0	0	6.00
0	0	6.62
28	26	7.20
57	53	7.29
98	91	8.45
89	84	9.37
87	82	9.99
58	55	9.82
51	47	9.59
0	0	9.50
0	0	9.40
0	0	9.07
0	0	8.46
0	0	8.21
0	0	8.39
0	0	7.78
0	0	7.22
0	0	7.03
0	0	7.10
0	0	7.29
0	0	7.33
0	0	7.37
0	0	7.08
0	0	6.67
0	0	7.25
0	0	7.84
34	31	8.58
77	70	9.23
71	67	9.83
161	119	10.08
180	107	10.06
108	90	10.92
4	4	11.13
0	0	10.65
0	0	10.43
0	0	10.85
0	0	10.81
0	0	10.39
0	0	11.00
0	0	10.71
0	0	10.90
0	0	11.30
0	0	11.38
0	0	10.89
0	0	10.47
0	0	10.56
0	0	10.25
0	0	9.91
0	0	9.44
0	0	9.21
14	14	9.73
90	77	9.18
167	103	9.45
166	119	10.56
127	112	10.84
50	48	11.51
22	21	10.91
6	5	10.20
0	0	8.82
0	0	8.56
0	0	8.10
0	0	7.92
0	0	7.89
0	0	7.42
0	0	7.21
0	0	6.68
0	0	6.89
0	0	6.78
0	0	6.32
0	0	5.70
0	0	6.10
0	0	5.44
0	0	5.65
0	0	6.40
6	6	6.35
26	25	5.75
50	48	5.22
56	54	4.87
49	48	5.40
37	36	5.35
10	10	5.53
2	2	4.96
0	0	4.21
0	0	4.15
0	0	4.36
0	0	3.80
0	0	4.05
0	0	3.52
0	0	2.70
0	0	3.20
0	0	3.35
0	0	2.81
0	0	2.25
0	0	2.45
0	0	2.70
0	0	2.80
0	0	2.98
0	0	2.62
42	35	3.68
52	49	5.08
100	92	5.40
142	121	5.81
198	104	5.32
174	76	5.75
111	40	5.15
10	7	5.53
0	0	4.86
0	0	4.28
0	0	3.98
0	0	3.87
0	0	3.42
0	0	3.25
0	0	2.92
0	0	3.05
0	0	3.09
0	0	3.48
0	0	3.66
0	0	3.47
0	0	3.99
0	0	4.00
0	0	4.32
0	0	4.88
25	24	5.02
149	64	6.34
168	106	7.03
196	115	8.01
138	117	8.48
128	95	8.81
52	48	9.47
4	4	8.95
0	0	8.37
0	0	7.95
0	0	8.40
0	0	8.29
0	0	9.34
0	0	9.46
0	0	9.86
0	0	8.90
0	0	8.37
0	0	7.87
0	0	8.02
0	0	7.54
0	0	8.02
0	0	8.34
0	0	8.95
0	0	9.01
14	14	9.64
18	18	9.51
30	29	9.18
40	39	8.95
37	36	8.84
28	27	8.99
20	20	8.59
3	3	8.66
0	0	8.40
0	0	8.73
0	0	9.00
0	0	8.99
0	0	9.06
0	0	9.83
0	0	9.87
0	0	9.99
0	0	9.75
0	0	8.89
0	0	8.26
0	0	7.97
0	0	8.17
0	0	7.72
0	0	7.04
0	0	7.12
6	6	7.40
21	20	7.59
41	40	7.23
52	50	6.97
14	14	6.65
34	33	6.04
23	23	5.15
2	2	4.56
0	0	3.95
0	0	3.56
0	0	3.54
0	0	2.75
0	0	1.83
0	0	1.59
0	0	1.34
0	0	1.26
0	0	1.00
0	0	0.66
0	0	0.96
0	0	1.52
0	0	1.62
0	0	1.30
0	0	1.27
0	0	0.44
30	28	1.12
11	11	0.62
81	76	0.40
149	125	0.93
92	86	1.22
55	52	0.84
15	15	0.58
5	5	0.28
0	0	0.19
0	0	-0.03
0	0	-0.18
0	0	-0.23
0	0	-0.26
0	0	-0.22
0	0	-0.71
0	0	-1.22
0	0	-1.35
0	0	-0.93
0	0	-0.55
0	0	-0.61
0	0	-0.48
0	0	0.39
0	0	0.78
0	0	1.63
34	32	3.19
127	81	3.71
87	82	4.71
85	81	5.12
179	121	5.92
141	100	6.00
80	63	5.98
8	8	6.16
0	0	6.19
0	0	6.77
0	0	6.74
0	0	6.51
0	0	6.19
0	0	6.48
0	0	6.78
0	0	7.00
0	0	6.71
0	0	5.86
0	0	5.97
0	0	6.22
0	0	6.25
0	0	6.71
0	0	6.55
0	0	6.75
14	14	6.91
11	11	7.26
140	115	7.41
142	126	7.64
164	124	8.27
93	86	8.53
61	56	8.88
11	10	7.71
0	0	6.81
0	0	6.66
0	0	6.93
0	0	6.81
0	0	6.29
0	0	5.77
0	0	5.68
0	0	5.29
0	0	4.74
0	0	4.76
0	0	4.93
0	0	4.43
0	0	4.31
0	0	3.72
0	0	3.65
0	0	3.58
26	25	2.68
55	52	2.55
98	91	2.10
55	53	2.68
71	67	2.00
71	67	1.82
19	19	1.48
4	4	0.83
0	0	1.06
0	0	0.55
0	0	-0.44
0	0	-1.52
0	0	-1.20
0	0	-2.12
0	0	-2.71
0	0	-3.09
0	0	-2.81
0	0	-2.50
0	0	-2.63
0	0	-2.88
0	0	-2.97
0	0	-3.69
0	0	-4.24
0	0	-4.43
21	20	-4.12
84	78	-4.12
35	34	-4.00
136	124	-3.52
98	92	-3.11
49	47	-3.51
46	43	-4.26
9	8	-3.85
0	0	-4.83
0	0	-4.42
0	0	-4.81
0	0	-5.37
0	0	-5.82
0	0	-6.25
0	0	-6.83
0	0	-6.72
0	0	-6.43
0	0	-6.85
0	0	-6.30
0	0	-5.65
0	0	-4.92
0	0	-4.95
0	0	-4.78
0	0	-4.91
37	35	-4.41
65	61	-3.80
26	26	-2.86
136	124	-2.36
77	74	-2.24
67	63	-1.80
42	40	-1.78
8	7	-1.72
0	0	-1.49
0	0	-1.78
0	0	-1.72
0	0	-1.80
0	0	-1.66
0	0	-1.24
0	0	-0.66
0	0	-0.31
0	0	-0.84
0	0	-0.78
0	0	0.04
0	0	0.17
0	0	0.62
0	0	1.10
0	0	1.03
0	0	1.46
57	44	1.97
106	89	3.32
122	112	4.22
149	131	5.03
190	128	5.45
194	92	5.89
110	68	6.32
38	17	6.05
0	0	5.56
0	0	5.54
0	0	5.43
0	0	5.18
0	0	5.38
0	0	4.48
0	0	5.11
0	0	4.35
0	0	4.68
0	0	4.59
0	0	4.09
0	0	3.51
0	0	3.08
0	0	2.62
0	0	2.32
0	0	2.20
48	43	2.43
92	84	2.83
202	111	3.74
161	135	3.96
175	132	4.17
111	102	4.28
92	73	4.66
14	14	3.84
0	0	3.05
0	0	2.77
0	0	2.73
0	0	2.80
0	0	3.08
0	0	3.05
0	0	2.92
0	0	2.71
0	0	3.09
0	0	3.16
0	0	2.59
0	0	2.73
0	0	2.21
0	0	2.19
0	0	2.42
0	0	3.17
12	12	3.37
38	36	4.10
30	30	4.42
79	75	5.21
39	38	6.22
67	64	6.55
57	53	6.09
8	7	5.88
0	0	5.67
0	0	5.97
0	0	5.82
0	0	5.61
0	0	4.92
0	0	4.84
0	0	5.21
0	0	4.63
0	0	4.47
0	0	4.32
0	0	3.73
0	0	2.98
0	0	2.56
0	0	2.24
0	0	2.46
0	0	2.25
23	22	2.60
81	76	1.41
157	124	1.38
98	93	1.01
64	62	1.11
60	58	1.13
63	59	0.78
11	10	0.44
0	0	-0.25
0	0	-0.52
0	0	-0.82
0	0	-1.40
0	0	-2.13
0	0	-2.78
0	0	-2.86
0	0	-3.24
0	0	-4.08
0	0	-5.62
0	0	-6.15
0	0	-6.69
0	0	-6.95
0	0	-7.66
0	0	-7.88
0	0	-7.62
56	48	-6.89
54	51	-6.78
45	44	-6.41
155	138	-6.86
189	136	-6.32
124	112	-6.08
128	72	-6.33
54	20	-7.01
0	0	-7.61
0	0	-8.03
0	0	-7.42
0	0	-8.39
0	0	-9.14
0	0	-9.28
0	0	-9.85
0	0	-9.99
0	0	-10.45
0	0	-9.63
0	0	-8.87
0	0	-9.50
0	0	-10.14
0	0	-10.35
0	0	-10.32
0	0	-9.60
57	49	-8.66
129	96	-7.41
178	127	-6.60
215	137	-5.58
231	126	-4.68
143	117	-5.11
56	52	-5.79
37	29	-6.49
0	0	-6.90
0	0	-7.08
0	0	-7.16
0	0	-7.30
0	0	-7.96
0	0	-8.22
0	0	-8.64
0	0	-8.55
0	0	-8.75
0	0	-8.77
0	0	-9.12
0	0	-9.28
0	0	-9.80
0	0	-9.82
0	0	-9.89
0	0	-10.26
23	22	-9.76
78	73	-9.54
97	91	-9.22
114	107	-9.61
51	50	-9.82
51	50	-9.72
36	35	-10.20
14	14	-10.49
0	0	-10.23
0	0	-10.05
0	0	-10.53
0	0	-10.58
0	0	-10.60
0	0	-10.01
0	0	-9.34
0	0	-9.45
0	0	-9.88
0	0	-9.82
0	0	-10.58
0	0	-10.81
0	0	-10.93
0	0	-11.16
0	0	-11.60
0	0	-11.29
77	52	-10.87
153	95	-10.23
153	130	-9.92
65	63	-9.45
157	139	-8.65
156	121	-8.17
53	51	-7.93
35	32	-8.34
0	0	-8.73
0	0	-8.57
0	0	-8.19
0	0	-7.65
0	0	-7.70
0	0	-7.75
0	0	-8.41
0	0	-8.65
0	0	-8.37
0	0	-7.64
0	0	-7.82
0	0	-7.03
0	0	-7.88
0	0	-7.70
0	0	-7.20
0	0	-7.31
28	27	-7.32
72	68	-7.14
22	21	-6.80
156	143	-6.43
207	142	-6.32
83	78	-5.64
38	37	-5.58
28	26	-6.18
0	0	-6.02
0	0	-6.30
0	0	-6.19
0	0	-6.41
0	0	-6.40
0	0	-6.54
0	0	-6.71
0	0	-6.18
0	0	-6.15
0	0	-5.51
0	0	-5.39
0	0	-5.61
0	0	-5.95
0	0	-5.80
0	0	-5.33
0	0	-5.90
41	39	-5.71
7	7	-6.28
67	64	-5.52
128	119	-5.08
247	131	-4.56
143	124	-4.56
86	79	-3.94
52	36	-4.37
0	0	-5.13
0	0	-4.58
0	0	-5.20
0	0	-5.55
0	0	-5.79
0	0	-5.61
0	0	-5.43
0	0	-5.79
0	0	-5.58
0	0	-5.34
0	0	-4.52
0	0	-3.71
0	0	-3.61
0	0	-2.99
0	0	-2.97
0	0	-3.29
29	28	-3.19
93	86	-2.61
116	108	-2.46
112	105	-1.78
37	37	-1.21
130	119	-2.12
71	66	-2.47
14	14	-2.76
0	0	-3.05
0	0	-3.88
0	0	-4.57
0	0	-4.32
0	0	-5.22
0	0	-4.99
0	0	-4.60
0	0	-5.14
0	0	-5.33
0	0	-5.35
0	0	-5.32
0	0	-5.25
0	0	-5.11
0	0	-4.56
0	0	-3.95
0	0	-3.92
57	53	-3.30
82	76	-2.77
136	125	-2.85
176	151	-2.36
104	98	-1.61
92	87	-1.03
132	90	-0.66
47	40	-0.71
0	0	-0.90
0	0	-1.56
0	0	-1.77
0	0	-1.71
0	0	-1.87
0	0	-1.68
0	0	-1.98
0	0	-2.41
0	0	-2.08
0	0	-2.31
0	0	-1.89
0	0	-1.74
0	0	-1.61
0	0	-0.89
0	0	-1.66
4	4	-1.14
57	53	-0.32
76	72	-0.41
113	106	0.20
114	108	0.21
97	92	0.46
134	123	1.01
98	90	1.04
43	40	1.10
0	0	1.04
0	0	1.75
0	0	1.60
0	0	1.73
0	0	1.46
0	0	0.97
0	0	0.81
0	0	1.29
0	0	1.21
0	0	0.96
0	0	0.37
0	0	0.90
0	0	1.10
0	0	1.21
0	0	1.21
3	3	1.24
12	11	0.74
35	34	1.18
81	77	1.14
56	54	0.86
106	100	0.86
90	85	1.06
69	65	0.88
33	31	0.76
0	0	1.23
0	0	0.24
0	0	1.05
0	0	1.22
0	0	1.26
0	0	0.87
0	0	0.40
0	0	0.25
0	0	0.76
0	0	0.90
0	0	0.66
0	0	1.02
0	0	1.00
0	0	0.99
0	0	1.11
5	5	1.56
17	17	1.42
76	72	2.31
39	38	2.91
53	52	2.90
144	133	3.50
170	135	3.19
103	94	3.23
23	23	3.55
0	0	3.72
0	0	4.37
0	0	3.99
0	0	4.39
0	0	4.61
0	0	5.05
0	0	5.19
0	0	5.00
0	0	5.48
0	0	5.41
0	0	5.76
0	0	6.41
0	0	6.92
0	0	6.93
0	0	6.77
6	6	6.72
114	58	6.69
161	112	6.46
78	75	7.02
129	121	7.60
177	156	7.83
155	135	8.36
71	67	8.31
73	47	7.89
0	0	7.80
0	0	7.32
0	0	7.75
0	0	8.03
0	0	7.83
0	0	7.81
0	0	8.58
0	0	8.78
0	0	8.46
0	0	8.43
0	0	8.63
0	0	8.07
0	0	7.98
0	0	8.04
0	0	8.13
2	2	8.44
36	35	9.17
146	115	10.16
254	131	10.67
251	157	11.10
173	156	11.65
121	113	11.31
80	75	11.12
58	50	11.70
0	0	11.08
0	0	11.32
0	0	11.66
0	0	11.17
0	0	10.57
0	0	9.94
0	0	9.81
0	0	9.19
0	0	8.68
0	0	9.00
0	0	9.74
0	0	9.50
0	0	9.92
0	0	11.01
0	0	10.48
9	9	10.45
15	15	10.54
66	63	11.77
142	131	11.95
188	163	12.73
201	162	13.31
251	122	13.73
108	99	12.91
20	19	13.06
0	0	12.36
0	0	11.17
0	0	10.35
0	0	9.52
0	0	8.81
0	0	8.24
0	0	7.85
0	0	6.82
0	0	7.46
0	0	7.02
0	0	6.46
0	0	6.61
0	0	7.01
0	0	6.95
0	0	6.59
18	14	7.00
65	60	7.85
189	113	8.88
161	147	10.29
255	162	11.84
283	146	12.55
293	95	12.73
150	105	12.14
51	47	11.24
0	0	9.93
0	0	9.15
0	0	9.33
0	0	9.12
0	0	8.35
0	0	8.06
0	0	7.89
0	0	7.98
0	0	7.71
0	0	8.03
0	0	8.36
0	0	8.67
0	0	8.49
0	0	8.82
0	0	9.10
24	15	9.50
59	55	9.53
136	119	10.47
153	141	11.40
252	166	11.71
184	164	12.93
212	144	13.56
172	103	13.74
93	53	13.50
0	0	12.93
0	0	12.77
0	0	12.40
0	0	11.76
0	0	11.44
0	0	11.68
0	0	11.53
0	0	11.19
0	0	11.18
0	0	10.36
0	0	9.93
0	0	10.12
0	0	10.38
0	0	9.73
0	0	9.33
21	17	9.53
71	66	9.58
212	110	10.20
230	153	11.05
193	169	12.00
235	168	12.63
247	135	12.60
71	67	12.07
29	28	11.12
0	0	10.26
0	0	10.01
0	0	9.38
0	0	9.20
0	0	8.31
0	0	7.61
0	0	7.81
0	0	7.77
0	0	7.52
0	0	7.36
0	0	7.07
0	0	7.48
0	0	7.48
0	0	7.34
0	0	7.19
17	16	7.08
57	54	7.44
133	122	8.51
173	155	9.56
262	169	10.20
192	169	10.51
325	81	10.00
203	95	10.30
66	60	9.50
0	0	8.81
0	0	8.19
0	0	7.52
0	0	6.76
0	0	6.91
0	0	6.51
0	0	6.03
0	0	5.37
0	0	5.53
0	0	5.04
0	0	5.25
0	0	5.19
0	0	5.46
0	0	5.11
0	0	5.12
10	9	4.73
90	79	5.31
188	125	6.45
215	161	7.46
220	176	8.71
285	161	9.63
184	152	9.56
167	113	9.55
113	54	8.43
0	0	7.71
0	0	7.57
0	0	7.19
0	0	6.91
0	0	6.64
0	0	6.19
0	0	6.00
0	0	5.37
0	0	4.71
0	0	4.83
0	0	4.95
0	0	6.20
0	0	6.26
0	0	6.69
0	0	7.57
35	22	7.47
149	68	8.59
133	122	9.99
279	145	10.90
311	157	11.53
306	155	12.40
223	153	12.84
173	115	12.95
92	65	12.00
10	6	11.53
0	0	11.38
0	0	11.16
0	0	11.02
0	0	11.09
0	0	11.07
0	0	10.83
0	0	10.31
0	0	9.83
0	0	9.86
0	0	9.62
0	0	9.02
0	0	8.95
0	0	9.03
0	0	9.69
13	13	10.08
134	79	10.54
171	132	11.11
158	145	11.03
262	178	11.48
222	178	11.99
130	122	11.46
112	103	11.36
68	62	10.34
9	8	10.21
0	0	9.12
0	0	8.45
0	0	7.51
0	0	7.09
0	0	6.78
0	0	6.34
0	0	5.76
0	0	5.17
0	0	5.48
0	0	4.89
0	0	4.66
0	0	3.94
0	0	4.01
0	0	3.65
14	13	3.66
34	33	3.79
48	46	4.41
160	148	4.81
158	147	5.03
80	77	5.18
119	112	5.29
97	90	4.78
56	52	4.41
6	6	3.84
0	0	3.33
0	0	2.98
0	0	2.51
0	0	2.57
0	0	2.80
0	0	2.33
0	0	1.98
0	0	2.31
0	0	1.91
0	0	1.69
0	0	1.87
0	0	2.44
0	0	1.87
0	0	2.24
42	29	1.32
81	75	2.48
153	135	2.65
226	170	2.69
259	185	3.45
117	111	4.08
150	139	3.60
98	91	3.65
102	72	3.20
6	5	1.65
0	0	1.07
0	0	0.44
0	0	-0.59
0	0	-1.06
0	0	-1.46
0	0	-2.07
0	0	-2.80
0	0	-2.73
0	0	-3.11
0	0	-2.64
0	0	-2.73
0	0	-2.71
0	0	-1.59
0	0	-0.64
22	21	0.13
84	77	0.81
149	136	2.00
191	169	3.02
306	175	5.05
86	83	5.67
178	160	6.37
175	126	6.37
155	47	6.22
15	13	6.54
0	0	6.88
0	0	6.78
0	0	6.50
0	0	7.12
0	0	6.33
0	0	6.52
0	0	6.56
0	0	6.32
0	0	6.11
0	0	6.34
0	0	6.57
0	0	5.78
0	0	5.01
0	0	4.11
23	22	3.84
91	84	4.66
166	141	4.80
306	152	5.40
221	189	5.50
107	102	5.92
148	137	5.99
79	75	5.34
119	74	5.01
16	15	4.02
0	0	3.52
0	0	2.51
0	0	2.30
0	0	2.19
0	0	1.55
0	0	0.69
0	0	0.68
0	0	0.34
0	0	0.23
0	0	0.73
0	0	0.93
0	0	0.52
0	0	0.00
0	0	-0.24
14	14	-1.10
96	88	-0.34
239	132	0.09
214	177	-0.33
229	192	0.25
250	190	0.26
179	163	-0.58
78	74	-0.53
49	47	-0.26
7	7	-1.73
0	0	-2.25
0	0	-3.18
0	0	-3.35
0	0	-3.85
0	0	-4.57
0	0	-4.21
0	0	-5.15
0	0	-5.87
0	0	-5.92
0	0	-5.56
0	0	-5.75
0	0	-6.07
0	0	-5.67
0	0	-6.61
27	25	-6.23
128	98	-6.48
171	145	-5.56
282	171	-4.86
234	195	-3.82
201	184	-3.24
211	171	-2.57
81	77	-2.75
43	41	-2.78
7	7	-3.53
0	0	-3.96
0	0	-4.16
0	0	-3.97
0	0	-2.83
0	0	-3.12
0	0	-3.32
0	0	-3.74
0	0	-3.06
0	0	-3.12
0	0	-3.27
0	0	-3.39
0	0	-3.24
0	0	-3.15
0	0	-3.77
16	16	-3.27
96	89	-2.31
137	126	-1.87
83	80	-1.52
278	196	-1.25
243	195	-1.08
284	162	-0.42
84	80	-0.04
8	8	-0.54
8	7	-1.00
0	0	-1.01
0	0	-1.53
0	0	-1.77
0	0	-1.86
0	0	-1.32
0	0	-2.40
0	0	-2.49
0	0	-2.29
0	0	-2.27
0	0	-2.07
0	0	-2.84
0	0	-3.04
0	0	-3.06
0	0	-3.15
34	32	-2.18
42	40	-1.67
158	144	-0.89
132	124	-0.59
173	161	0.71
237	197	0.98
170	157	1.29
108	101	1.45
85	78	1.12
17	16	0.28
0	0	0.26
0	0	0.58
0	0	0.81
0	0	0.70
0	0	1.12
0	0	1.79
0	0	3.00
0	0	2.33
0	0	1.72
0	0	0.92
0	0	0.77
0	0	0.57
0	0	0.39
0	0	-0.34
65	45	-0.08
125	105	0.37
100	95	1.31
116	110	1.25
281	202	1.26
271	200	1.69
183	168	2.17
88	84	2.26
83	77	1.83
17	16	1.22
0	0	0.94
0	0	0.53
0	0	0.51
0	0	-0.48
0	0	-0.75
0	0	-1.78
0	0	-1.85
0	0	-2.00
0	0	-1.79
0	0	-2.35
0	0	-2.84
0	0	-3.14
0	0	-3.73
0	0	-3.74
26	25	-3.57
94	87	-3.26
134	125	-2.29
271	188	-2.10
240	204	-1.28
221	198	-0.60
283	173	-0.76
100	94	-0.63
63	60	-1.43
24	22	-2.35
0	0	-2.70
0	0	-3.48
0	0	-2.99
0	0	-4.08
0	0	-5.06
0	0	-5.31
0	0	-5.30
0	0	-4.93
0	0	-5.21
0	0	-4.86
0	0	-5.75
0	0	-5.88
0	0	-5.85
0	0	-6.15
35	33	-6.33
71	67	-5.51
185	158	-5.36
139	130	-4.39
223	202	-3.30
162	151	-3.24
131	123	-3.57
99	94	-3.25
43	41	-3.49
14	14	-3.68
0	0	-3.39
0	0	-3.99
0	0	-4.24
0	0	-4.40
0	0	-4.35
0	0	-4.85
0	0	-4.76
0	0	-5.08
0	0	-5.33
0	0	-5.74
0	0	-5.49
0	0	-5.51
0	0	-5.14
0	0	-5.34
43	40	-4.98
158	112	-4.44
181	159	-3.74
192	176	-2.90
330	200	-1.93
368	178	-1.15
216	184	-1.55
244	136	-1.53
131	95	-2.10
25	24	-2.89
0	0	-4.20
0	0	-4.78
0	0	-5.32
0	0	-5.84
0	0	-6.45
0	0	-7.05
0	0	-7.12
0	0	-6.78
0	0	-6.99
0	0	-7.54
0	0	-7.28
0	0	-7.70
0	0	-8.12
0	0	-8.93
25	24	-8.21
82	77	-7.43
167	153	-6.72
198	182	-6.37
94	91	-5.29
280	210	-4.89
214	186	-4.23
112	105	-4.10
39	38	-4.91
26	25	-5.52
0	0	-5.79
0	0	-6.55
0	0	-6.54
0	0	-7.00
0	0	-7.43
0	0	-7.62
0	0	-8.42
0	0	-8.39
0	0	-7.71
0	0	-7.70
0	0	-7.64
0	0	-8.15
0	0	-8.46
0	0	-7.65
17	17	-7.50
53	51	-7.62
52	50	-6.62
109	104	-6.51
84	82	-6.61
46	45	-6.57
26	26	-6.79
65	63	-7.00
25	24	-6.42
17	16	-6.37
0	0	-6.24
0	0	-5.65
0	0	-5.95
0	0	-5.20
0	0	-5.17
0	0	-5.10
0	0	-5.40
0	0	-5.76
0	0	-5.83
0	0	-5.25
0	0	-5.80
0	0	-5.58
0	0	-5.57
0	0	-5.73
18	17	-5.62
28	27	-4.86
54	53	-4.13
79	76	-4.12
67	65	-3.74
29	28	-3.64
66	64	-3.93
80	77	-3.22
19	19	-3.64
6	6	-3.66
0	0	-3.80
0	0	-3.99
0	0	-3.95
0	0	-4.40
0	0	-4.26
0	0	-4.07
0	0	-3.83
0	0	-3.84
0	0	-4.03
0	0	-4.35
0	0	-4.38
0	0	-3.83
0	0	-4.42
0	0	-3.83
4	4	-3.87
44	43	-3.79
70	67	-4.39
67	66	-3.99
82	79	-4.23
88	85	-4.03
112	107	-3.67
51	50	-3.38
7	7	-4.13
12	12	-4.09
0	0	-4.51
0	0	-4.80
0	0	-5.14
0	0	-5.12
0	0	-5.26
0	0	-5.54
0	0	-6.40
0	0	-6.67
0	0	-6.31
0	0	-6.62
0	0	-5.88
0	0	-5.94
0	0	-5.75
0	0	-5.30
6	6	-5.40
38	37	-5.10
147	137	-4.67
90	87	-3.96
101	97	-3.53
175	163	-2.69
209	191	-2.48
125	117	-3.07
49	48	-3.44
22	21	-2.99
0	0	-2.40
0	0	-2.84
0	0	-3.01
0	0	-3.56
0	0	-3.82
0	0	-4.22
0	0	-4.00
0	0	-3.89
0	0	-4.13
0	0	-3.35
0	0	-3.11
0	0	-3.04
0	0	-3.67
0	0	-3.02
78	67	-2.56
171	128	-2.21
312	153	-1.19
217	199	-0.32
155	146	0.46
137	130	1.94
224	197	1.94
69	66	2.26
32	32	1.79
13	12	0.98
0	0	1.64
0	0	1.57
0	0	1.53
0	0	1.40
0	0	1.80
0	0	2.11
0	0	2.15
0	0	1.81
0	0	1.44
0	0	1.08
0	0	1.36
0	0	1.10
0	0	0.74
7	5	0.70
70	64	1.28
181	130	1.53
262	176	1.88
250	211	3.23
256	225	3.73
251	221	4.37
360	174	4.61
233	162	3.80
142	111	3.42
36	33	1.92
0	0	1.29
0	0	0.67
0	0	0.07
0	0	-0.60
0	0	-0.88
0	0	-1.39
0	0	-2.18
0	0	-2.26
0	0	-2.14
0	0	-2.46
0	0	-2.43
0	0	-2.77
0	0	-2.32
12	7	-1.70
85	73	-0.59
103	97	1.04
329	152	3.07
277	216	4.15
435	180	5.72
343	221	6.58
432	122	7.48
311	132	7.26
191	103	7.09
87	43	6.92
0	0	6.41
0	0	5.64
0	0	5.12
0	0	4.90
0	0	3.91
0	0	3.89
0	0	4.30
0	0	4.60
0	0	4.26
0	0	3.65
0	0	4.20
0	0	4.03
0	0	4.39
8	8	5.52
112	74	6.95
200	134	7.79
370	127	9.43
360	201	10.85
421	195	12.64
363	218	13.87
300	205	14.05
190	166	13.63
127	113	13.33
80	50	13.03
0	0	12.39
0	0	11.96
0	0	11.32
0	0	10.95
0	0	10.55
0	0	10.68
0	0	10.20
0	0	9.38
0	0	8.88
0	0	8.28
0	0	8.10
0	0	7.64
0	0	7.22
11	10	7.33
77	71	7.57
251	116	8.89
258	187	10.13
344	211	11.32
436	191	12.15
350	226	12.75
427	140	12.95
283	157	13.24
189	111	11.95
72	54	10.97
0	0	9.56
0	0	8.51
0	0	8.36
0	0	7.31
0	0	6.63
0	0	6.01
0	0	4.97
0	0	5.31
0	0	4.53
0	0	4.77
0	0	4.42
0	0	4.47
0	0	4.60
16	14	4.41
30	29	5.26
159	140	5.87
145	136	6.78
190	177	7.54
415	209	8.70
228	210	9.46
348	197	9.93
375	93	9.76
216	101	9.44
51	48	8.70
0	0	8.05
0	0	7.41
0	0	7.31
0	0	6.53
0	0	6.04
0	0	6.13
0	0	5.58
0	0	5.44
0	0	5.17
0	0	4.46
0	0	4.30
0	0	4.54
0	0	4.70
14	13	5.63
51	48	5.85
180	144	6.19
295	186	7.50
318	224	8.67
87	84	8.90
161	152	9.50
179	166	9.78
205	174	9.44
123	113	9.11
56	51	8.77
0	0	8.24
0	0	7.58
0	0	7.41
0	0	7.82
0	0	7.23
0	0	6.74
0	0	6.88
0	0	6.11
0	0	5.64
0	0	5.83
0	0	5.73
0	0	4.89
0	0	4.47
10	10	4.80
60	57	4.21
95	90	4.61
176	163	4.62
100	96	4.75
244	224	4.12
205	191	3.99
93	90	3.45
43	42	2.82
55	53	2.77
59	55	2.14
0	0	1.90
0	0	2.43
0	0	2.27
0	0	1.30
0	0	1.04
0	0	0.74
0	0	0.40
0	0	-0.08
0	0	-0.50
0	0	-0.52
0	0	-0.71
0	0	-0.60
0	0	-0.51
15	14	-0.02
105	89	0.77
150	138	2.07
148	139	2.85
209	193	3.98
333	245	5.82
214	198	7.02
272	220	7.54
175	161	7.42
156	127	7.64
52	49	7.34
0	0	7.25
0	0	6.67
0	0	6.44
0	0	6.13
0	0	5.63
0	0	5.73
0	0	5.87
0	0	5.93
0	0	5.95
0	0	5.51
0	0	4.46
0	0	4.06
0	0	3.97
36	24	4.20
131	91	4.81
194	153	6.13
384	153	7.19
520	108	8.47
360	245	9.42
406	224	9.81
343	213	10.20
253	182	9.33
139	126	8.70
31	30	8.02
0	0	6.97
0	0	6.76
0	0	6.13
0	0	5.51
0	0	4.56
0	0	4.20
0	0	3.71
0	0	3.86
0	0	4.51
0	0	5.01
0	0	5.00
0	0	5.00
0	0	4.64
31	27	4.62
65	61	4.44
125	116	4.74
158	148	6.07
245	224	7.04
478	193	8.18
271	242	8.70
365	209	9.60
245	185	9.44
235	111	8.52
97	66	8.34
0	0	7.20
0	0	6.57
0	0	5.46
0	0	4.78
0	0	4.19
0	0	4.00
0	0	3.64
0	0	3.62
0	0	3.38
0	0	2.69
0	0	2.52
0	0	2.28
0	0	2.08
16	15	1.36
33	32	0.74
41	40	1.23
132	125	1.59
266	235	2.11
224	208	2.21
156	148	2.00
82	79	1.84
170	158	2.02
100	94	1.56
47	44	0.80
0	0	0.41
0	0	0.06
0	0	0.13
0	0	-0.37
0	0	-0.68
0	0	-1.86
0	0	-2.16
0	0	-2.91
0	0	-2.24
0	0	-2.03
0	0	-1.76
0	0	-1.58
0	0	-1.66
7	6	-2.43
30	29	-2.25
44	43	-1.64
49	48	-1.76
92	89	-1.70
133	127	-2.01
156	148	-1.85
146	139	-1.90
111	106	-2.44
68	66	-2.73
16	15	-2.56
0	0	-3.00
0	0	-2.89
0	0	-3.00
0	0	-3.17
0	0	-3.09
0	0	-3.74
0	0	-3.60
0	0	-4.41
0	0	-5.13
0	0	-5.03
0	0	-4.53
0	0	-4.13
0	0	-5.10
39	35	-4.62
77	72	-4.32
104	98	-3.72
161	151	-3.04
171	161	-2.24
295	255	-1.59
318	254	-1.63
207	192	-1.13
63	61	-1.30
62	60	-1.10
11	11	-1.30
5	4	-1.44
0	0	-1.08
0	0	-1.44
0	0	-1.31
0	0	-1.98
0	0	-1.85
0	0	-1.90
0	0	-2.34
0	0	-2.77
0	0	-2.88
0	0	-3.26
0	0	-2.89
0	0	-2.96
43	37	-1.72
67	64	-1.42
250	161	-0.43
304	212	1.26
251	230	2.74
387	255	2.91
345	256	3.38
398	209	2.99
420	103	3.14
228	130	2.57
103	76	1.84
7	7	1.10
0	0	0.01
0	0	-0.52
0	0	-0.13
0	0	0.04
0	0	-0.49
0	0	-0.32
0	0	0.47
0	0	0.14
0	0	0.08
0	0	-0.22
0	0	0.01
0	0	0.24
31	29	0.80
48	46	1.57
346	109	2.29
331	209	3.73
331	249	5.50
420	248	7.07
515	181	7.46
344	232	8.01
19	18	8.28
65	62	8.57
73	68	7.85
12	10	6.43
0	0	5.85
0	0	5.51
0	0	5.14
0	0	5.57
0	0	5.60
0	0	5.98
0	0	5.58
0	0	4.95
0	0	4.85
0	0	5.41
0	0	5.49
0	0	5.98
44	40	6.31
65	62	7.41
99	94	7.86
166	156	8.49
250	229	8.71
441	243	9.91
326	261	10.88
542	97	11.63
401	134	11.79
239	133	11.52
128	75	11.70
14	12	10.73
0	0	9.59
0	0	9.13
0	0	8.71
0	0	8.45
0	0	7.33
0	0	6.84
0	0	6.48
0	0	6.39
0	0	6.42
0	0	6.73
0	0	6.60
0	0	6.75
70	45	7.31
162	113	8.83
303	152	10.10
365	205	11.04
445	220	12.75
456	240	14.74
495	207	16.12
499	149	16.32
427	114	16.19
315	80	15.41
159	61	13.86
22	13	13.50
0	0	12.44
0	0	12.10
0	0	11.73
0	0	11.62
0	0	11.31
0	0	11.04
0	0	10.54
0	0	11.08
0	0	10.84
0	0	10.23
0	0	9.15
0	0	9.26
77	47	10.10
174	114	11.27
295	161	12.34
333	219	14.14
413	240	15.15
347	271	16.52
362	265	17.16
469	182	17.68
357	175	18.18
260	129	17.77
125	82	17.12
6	6	15.98
0	0	15.33
0	0	14.97
0	0	13.88
0	0	13.02
0	0	12.57
0	0	12.42
0	0	11.88
0	0	12.03
0	0	11.85
0	0	11.33
0	0	10.96
0	0	10.48
32	31	11.22
104	97	11.61
99	94	12.26
239	218	12.85
161	153	14.05
250	232	14.29
168	159	14.01
206	191	14.47
193	178	14.03
151	138	13.37
64	60	12.48
16	15	12.28
0	0	12.17
0	0	11.65
0	0	11.44
0	0	11.70
0	0	12.08
0	0	12.24
0	0	11.44
0	0	11.58
0	0	10.95
0	0	11.25
0	0	11.18
0	0	11.16
40	37	11.38
54	52	12.07
134	126	12.31
194	180	12.61
292	257	13.20
430	263	14.48
324	269	15.77
209	194	15.92
201	185	15.41
141	130	15.48
124	88	14.89
11	10	14.39
0	0	14.33
0	0	14.98
0	0	14.55
0	0	13.97
0	0	13.84
0	0	13.36
0	0	12.29
0	0	12.30
0	0	11.92
0	0	11.26
0	0	10.34
0	0	10.51
85	56	10.74
169	125	11.14
295	174	12.35
227	209	12.50
401	255	13.15
560	187	13.63
358	273	13.38
256	235	13.32
222	203	12.95
220	153	11.75
125	90	10.32
22	20	8.72
0	0	7.65
0	0	6.95
0	0	6.51
0	0	6.27
0	0	5.23
0	0	4.75
0	0	4.76
0	0	3.72
0	0	4.09
0	0	4.10
0	0	4.48
0	0	4.87
103	53	5.44
142	125	6.53
285	181	7.41
413	203	9.53
386	262	10.83
199	187	12.25
387	273	13.08
254	233	14.56
409	157	15.21
227	155	15.39
89	82	14.48
8	8	13.77
0	0	13.10
0	0	12.92
0	0	12.53
0	0	12.22
0	0	12.05
0	0	11.83
0	0	11.29
0	0	11.46
0	0	11.27
0	0	10.67
0	0	10.37
0	0	9.34
79	63	8.95
127	117	9.19
221	188	9.00
329	236	9.44
433	251	10.15
408	278	10.42
406	272	11.33
358	251	11.25
231	208	11.02
59	57	10.32
152	89	9.53
24	22	8.58
0	0	8.03
0	0	6.98
0	0	6.58
0	0	5.58
0	0	4.51
0	0	3.67
0	0	4.15
0	0	4.23
0	0	4.42
0	0	4.18
0	0	4.98
0	0	4.23
68	62	5.25
132	121	6.11
161	150	7.29
315	240	7.80
337	271	8.92
429	276	10.24
335	278	10.48
271	247	11.33
201	186	11.50
70	68	11.24
91	84	10.95
17	16	10.30
0	0	10.05
0	0	9.81
0	0	9.74
0	0	9.71
0	0	9.14
0	0	8.48
0	0	8.58
0	0	7.69
0	0	6.81
0	0	6.10
0	0	5.59
0	0	4.79
105	66	4.38
184	136	4.36
365	155	5.12
389	227	5.92
424	262	6.67
371	287	6.91
372	281	7.77
236	218	7.53
48	47	7.04
67	65	6.81
17	17	6.12
3	3	4.62
0	0	3.13
0	0	1.90
0	0	1.13
0	0	0.35
0	0	-0.74
0	0	-1.50
0	0	-1.63
0	0	-1.77
0	0	-1.92
0	0	-2.70
0	0	-3.22
0	0	-3.25
47	44	-3.32
67	64	-3.32
86	83	-2.98
380	234	-3.06
221	207	-3.72
282	260	-2.70
252	234	-2.99
145	138	-3.27
128	122	-3.37
184	162	-3.66
12	12	-4.35
12	12	-4.95
0	0	-4.84
0	0	-5.04
0	0	-4.38
0	0	-4.75
0	0	-5.37
0	0	-5.85
0	0	-6.31
0	0	-5.78
0	0	-5.31
0	0	-5.50
0	0	-5.35
7	6	-5.55
25	24	-5.27
179	141	-4.72
386	151	-3.69
346	245	-2.91
281	257	-1.58
389	291	-0.36
370	286	0.89
271	248	0.37
272	221	-0.02
176	160	-0.34
66	62	-0.74
14	13	-1.55
0	0	-1.46
0	0	-0.92
0	0	-1.13
0	0	-1.24
0	0	-1.87
0	0	-2.00
0	0	-2.17
0	0	-2.77
0	0	-3.11
0	0	-3.63
0	0	-4.19
14	7	-4.35
96	76	-3.34
250	126	-2.13
409	137	-0.32
469	196	1.35
548	204	3.20
524	249	3.95
559	213	4.26
485	215	5.00
375	203	5.02
258	163	4.05
160	101	3.13
55	34	1.51
0	0	0.38
0	0	-0.14
0	0	-0.70
0	0	-1.28
0	0	-1.49
0	0	-2.16
0	0	-2.61
0	0	-2.60
0	0	-3.01
0	0	-2.37
0	0	-2.36
15	10	-1.82
71	66	-2.20
251	130	-1.26
352	183	0.44
430	225	2.39
482	252	4.19
523	254	5.33
561	216	5.56
433	247	5.83
425	177	5.44
219	171	4.54
153	105	2.98
42	37	1.75
0	0	0.41
0	0	-0.24
0	0	-0.29
0	0	-1.09
0	0	-1.05
0	0	-1.47
0	0	-1.94
0	0	-1.66
0	0	-2.72
0	0	-2.49
0	0	-2.86
10	9	-2.28
38	37	-1.74
253	134	-0.33
365	180	0.47
376	249	2.36
399	283	4.02
450	289	4.92
419	288	5.49
416	257	6.14
284	227	6.31
222	173	5.79
129	108	5.04
26	25	4.15
0	0	3.44
0	0	2.72
0	0	2.41
0	0	1.98
0	0	2.26
0	0	1.87
0	0	0.92
0	0	0.91
0	0	0.70
0	0	0.30
0	0	-0.02
6	6	-0.39
82	76	-0.34
220	149	0.30
259	210	0.73
416	239	1.94
369	287	2.73
249	232	3.51
301	275	3.98
441	250	4.34
297	229	3.87
245	174	2.63
143	111	1.25
75	34	0.48
0	0	-0.21
0	0	-0.21
0	0	-0.43
0	0	-0.00
0	0	-0.25
0	0	-0.95
0	0	-0.39
0	0	-0.76
0	0	-1.00
0	0	-1.22
0	0	-1.88
2	2	-1.98
66	62	-1.24
182	153	-1.27
221	203	-0.21
312	258	0.42
337	287	0.96
419	300	1.76
411	294	2.64
330	271	2.87
243	222	3.49
201	175	1.87
71	67	0.57
36	34	0.90
0	0	0.60
0	0	0.66
0	0	0.12
0	0	0.08
0	0	-0.12
0	0	-3.80
0	0	-3.87
0	0	-4.35
0	0	-4.16
0	0	-3.94
0	0	-4.16
22	20	-3.87
121	90	-3.70
228	154	-2.41
221	202	-1.49
209	196	-0.27
302	276	1.02
491	284	2.41
587	214	2.81
583	156	3.23
238	218	3.31
222	179	3.01
145	115	2.24
53	45	1.15
0	0	0.14
0	0	-0.00
0	0	-0.83
0	0	-1.88
0	0	-1.75
0	0	-2.15
0	0	-1.49
0	0	-1.61
0	0	-1.13
0	0	-1.14
0	0	-1.10
15	15	-1.23
115	92	0.24
205	159	2.00
335	209	3.81
461	229	5.71
517	254	7.61
548	259	8.94
467	287	9.93
547	194	10.67
363	226	11.72
279	174	12.03
81	77	11.48
42	39	11.28
0	0	10.47
0	0	9.72
0	0	8.60
0	0	8.05
0	0	7.30
0	0	7.19
0	0	7.09
0	0	7.17
0	0	7.23
0	0	7.14
0	0	7.44
41	24	7.76
138	94	8.03
261	151	8.43
298	219	9.59
419	252	11.01
474	278	12.59
514	281	13.96
443	296	14.41
478	246	14.98
231	212	15.18
188	173	15.77
220	95	15.20
86	42	14.11
0	0	13.73
0	0	13.35
0	0	12.24
0	0	12.25
0	0	11.74
0	0	11.00
0	0	10.49
0	0	10.13
0	0	9.84
0	0	10.08
0	0	10.16
51	23	10.07
129	98	11.16
210	164	11.91
314	220	13.16
544	178	14.83
539	249	16.51
579	247	17.19
394	304	18.12
506	233	19.25
426	203	18.77
304	170	18.75
150	120	17.86
59	51	16.45
0	0	14.97
0	0	14.45
0	0	13.61
0	0	12.49
0	0	11.90
0	0	11.20
0	0	11.26
0	0	10.77
0	0	10.85
0	0	10.83
0	0	10.03
31	28	11.00
67	63	11.00
100	95	11.90
426	174	13.96
388	266	15.28
344	297	16.59
604	232	16.96
494	286	17.64
537	215	17.84
502	147	17.92
222	185	17.58
194	116	16.83
82	51	16.45
0	0	15.33
0	0	13.79
0	0	13.02
0	0	12.61
0	0	11.72
0	0	11.72
0	0	11.71
0	0	11.15
0	0	10.67
0	0	10.80
0	0	11.40
55	30	11.60
148	101	11.24
357	99	12.54
312	226	13.94
607	126	15.15
489	282	16.34
585	251	16.67
430	305	17.75
337	282	17.91
209	194	18.21
142	134	17.82
78	74	17.66
63	54	17.17
0	0	16.29
0	0	15.43
0	0	14.78
0	0	14.69
0	0	14.53
0	0	13.98
0	0	13.23
0	0	12.85
0	0	12.70
0	0	12.52
0	0	12.39
71	25	13.10
149	104	13.76
188	168	14.40
333	225	15.81
360	274	17.42
468	292	18.18
451	312	19.17
534	273	19.57
522	234	20.09
458	193	20.36
416	96	19.71
167	126	19.00
56	51	18.10
0	0	17.06
0	0	16.39
0	0	16.14
0	0	15.63
0	0	15.34
0	0	14.78
0	0	13.68
0	0	12.95
0	0	12.43
0	0	11.93
0	0	11.59
33	30	11.51
151	107	11.93
291	158	13.26
322	230	13.63
426	266	14.65
526	272	15.79
557	276	16.25
503	291	16.46
532	231	16.96
440	208	16.85
244	192	16.56
131	120	16.15
93	55	14.88
0	0	14.02
0	0	12.98
0	0	12.51
0	0	12.74
0	0	12.42
0	0	12.14
0	0	12.25
0	0	11.95
0	0	11.87
0	0	11.62
0	0	11.78
45	40	11.62
115	105	11.82
365	111	12.39
445	179	13.15
281	258	14.35
378	308	15.44
516	299	16.38
492	298	15.92
499	254	16.07
343	246	15.99
155	145	15.42
59	57	14.83
25	24	13.31
0	0	12.03
0	0	11.26
0	0	10.81
0	0	10.44
0	0	9.60
0	0	8.66
0	0	8.11
0	0	7.47
0	0	6.43
0	0	5.88
0	0	5.96
96	21	5.95
182	105	6.77
272	173	7.67
427	197	9.02
384	280	10.89
563	257	11.75
633	231	12.97
693	155	13.61
588	194	13.36
411	230	13.89
278	193	13.30
222	118	12.70
97	60	11.16
0	0	9.71
0	0	8.74
0	0	7.62
0	0	6.84
0	0	6.06
0	0	5.58
0	0	5.19
0	0	5.61
0	0	6.31
0	0	6.67
0	0	6.38
89	33	7.46
267	47	8.09
344	139	9.70
476	164	11.51
573	189	13.48
669	172	14.62
659	212	16.49
602	244	17.52
496	262	18.24
496	179	18.96
424	107	18.95
215	124	18.98
76	64	17.72
0	0	16.86
0	0	16.49
0	0	16.02
0	0	15.21
0	0	14.89
0	0	14.89
0	0	14.08
0	0	13.05
0	0	12.46
0	0	12.63
0	0	12.02
64	48	11.99
187	111	12.92
401	92	14.30
422	208	16.39
543	218	17.89
578	255	19.24
653	222	19.95
721	133	20.69
617	175	21.43
546	136	21.14
374	155	21.13
263	99	20.69
129	49	19.10
0	0	17.96
0	0	16.66
0	0	15.40
0	0	14.77
0	0	14.32
0	0	13.65
0	0	13.41
0	0	13.09
0	0	12.56
0	0	12.51
0	0	12.84
108	28	12.88
209	105	13.80
360	137	15.24
522	131	16.94
463	268	18.36
629	220	19.91
606	263	21.09
579	267	20.54
513	259	20.47
500	183	19.79
383	153	19.54
252	111	18.66
101	66	17.68
0	0	16.03
0	0	14.03
0	0	13.11
0	0	12.59
0	0	11.81
0	0	11.71
0	0	10.77
0	0	11.06
0	0	11.37
0	0	11.02
0	0	11.00
70	53	10.80
225	99	10.98
345	153	12.11
487	171	13.48
548	223	14.43
651	205	15.57
605	268	15.65
608	250	16.32
503	267	16.38
333	256	16.52
323	190	16.88
261	108	15.86
84	70	14.22
0	0	13.70
0	0	12.88
0	0	11.70
0	0	11.35
0	0	10.65
0	0	10.40
0	0	10.09
0	0	10.04
0	0	9.22
0	0	8.83
0	0	9.06
51	47	8.69
191	120	9.90
298	180	10.63
414	223	11.90
508	253	13.12
666	195	14.06
706	185	14.37
673	199	15.30
687	122	16.12
408	244	16.50
321	193	16.10
143	131	15.08
51	48	13.79
10	5	12.39
0	0	11.15
0	0	10.01
0	0	9.32
0	0	8.98
0	0	7.94
0	0	7.36
0	0	7.21
0	0	6.97
0	0	6.91
0	0	7.31
22	21	7.22
33	33	7.17
77	75	7.73
219	203	8.51
261	242	9.96
249	233	9.84
275	256	9.55
338	309	9.46
245	229	9.58
114	110	9.56
30	30	9.73
73	70	9.72
9	9	8.53
5	5	8.08
0	0	7.29
0	0	6.96
0	0	6.18
0	0	5.81
0	0	5.99
0	0	6.01
0	0	5.73
0	0	5.51
0	0	5.67
0	0	5.70
59	54	5.01
84	79	5.75
135	128	5.99
345	249	5.87
361	294	6.36
302	279	7.06
263	246	7.38
300	278	7.53
280	258	7.12
175	165	6.49
200	184	6.28
21	21	5.60
25	25	5.40
4	4	4.76
0	0	4.37
0	0	4.22
0	0	3.47
0	0	3.82
0	0	3.42
0	0	3.64
0	0	3.73
0	0	3.00
0	0	3.35
0	0	3.47
111	53	3.28
258	94	3.65
352	165	5.01
510	169	6.82
599	198	8.58
651	222	9.65
691	213	10.68
641	239	11.22
656	162	11.25
427	244	11.01
339	194	11.29
256	125	10.37
121	73	9.42
15	10	7.37
0	0	6.19
0	0	5.02
0	0	4.96
0	0	4.19
0	0	3.17
0	0	2.59
0	0	1.59
0	0	1.16
0	0	1.00
0	0	1.15
115	55	1.87
231	117	2.36
445	87	3.40
572	110	4.72
689	122	6.86
748	132	8.46
714	195	9.30
694	195	10.03
640	182	10.57
567	145	10.76
405	157	10.23
273	118	9.50
131	72	7.78
20	11	6.06
0	0	4.21
0	0	3.27
0	0	2.01
0	0	1.46
0	0	0.51
0	0	-0.36
0	0	-0.57
0	0	-0.67
0	0	-0.47
0	0	0.14
62	57	0.57
179	135	1.59
400	138	2.97
378	250	4.66
410	298	6.31
474	323	7.34
644	260	7.84
413	331	8.04
447	301	8.49
368	264	8.78
222	203	7.64
153	140	6.88
46	44	6.50
18	14	6.11
0	0	5.46
0	0	4.55
0	0	4.57
0	0	4.46
0	0	4.64
0	0	4.18
0	0	4.11
0	0	3.23
0	0	2.37
0	0	1.98
113	64	2.13
220	129	3.12
396	146	4.30
549	147	5.25
458	291	7.04
347	317	8.72
403	338	9.66
561	300	10.35
375	307	10.59
482	223	11.02
245	211	10.30
113	106	9.85
113	82	8.47
25	14	6.94
0	0	6.58
0	0	5.63
0	0	4.97
0	0	4.74
0	0	4.39
0	0	4.50
0	0	4.32
0	0	3.97
0	0	4.03
7	6	3.63
57	53	3.61
46	45	3.61
100	96	4.60
245	226	5.45
370	302	7.06
470	327	7.60
446	341	8.15
400	333	8.42
472	298	8.25
300	264	8.37
242	212	7.73
212	151	7.40
32	31	6.70
5	5	5.97
0	0	6.33
0	0	5.67
0	0	4.85
0	0	5.19
0	0	5.07
0	0	4.86
0	0	5.24
0	0	4.85
0	0	4.71
11	8	5.00
142	55	4.61
198	141	4.77
256	206	6.56
371	259	6.83
373	304	7.23
319	294	7.46
438	343	7.96
401	334	8.50
412	310	9.17
389	266	8.71
334	207	9.17
136	126	9.18
88	80	8.82
28	18	8.04
0	0	7.55
0	0	6.76
0	0	6.25
0	0	6.40
0	0	5.80
0	0	5.84
0	0	5.61
0	0	5.53
0	0	5.01
5	5	4.83
42	40	4.50
147	134	5.33
380	171	6.10
439	240	7.38
251	234	8.33
118	114	9.12
362	330	9.63
272	254	9.99
391	312	10.07
334	271	9.69
199	184	9.97
211	154	8.96
125	86	8.57
16	15	7.48
0	0	7.35
0	0	6.49
0	0	6.27
0	0	5.95
0	0	5.14
0	0	4.78
0	0	4.72
0	0	4.45
0	0	4.42
14	12	5.02
46	44	5.44
195	145	6.74
254	209	8.43
422	250	10.03
556	257	12.20
641	256	13.83
556	324	14.74
576	302	15.02
527	284	15.43
287	262	15.33
266	219	15.14
324	98	14.64
162	73	14.42
30	22	13.58
0	0	12.80
0	0	12.94
0	0	12.25
0	0	11.69
0	0	11.44
0	0	10.72
0	0	10.83
0	0	10.30
0	0	9.93
14	13	10.29
68	63	10.23
71	68	10.26
210	193	10.66
394	261	11.10
237	222	12.18
229	217	12.48
380	340	13.23
367	331	13.68
302	278	13.99
235	219	13.84
34	33	13.78
68	65	13.55
66	62	13.25
32	24	12.32
0	0	12.73
0	0	12.83
0	0	12.88
0	0	12.61
0	0	12.82
0	0	12.31
0	0	12.08
0	0	12.02
0	0	11.77
15	14	12.29
109	82	12.78
298	104	12.96
271	213	13.57
474	230	14.05
419	310	14.55
233	220	14.42
314	291	15.16
131	127	15.26
115	111	15.47
164	156	15.51
131	125	15.34
117	110	14.62
92	85	13.94
9	9	13.36
0	0	12.84
0	0	11.90
0	0	11.85
0	0	11.92
0	0	11.58
0	0	11.06
0	0	10.85
0	0	10.58
0	0	10.03
20	18	10.07
100	83	9.90
217	149	10.87
320	209	11.57
416	259	12.08
622	218	13.79
676	237	14.86
322	298	15.52
384	337	16.33
371	315	16.64
237	220	17.18
266	222	16.62
117	110	15.51
34	33	15.57
31	27	14.82
0	0	14.08
0	0	13.43
0	0	13.58
0	0	12.86
0	0	13.19
0	0	13.16
0	0	12.90
0	0	12.62
0	0	12.47
23	20	12.90
114	86	13.26
153	140	14.05
275	217	15.13
283	258	15.74
391	314	16.53
513	331	17.23
513	345	17.60
612	292	17.92
501	303	17.58
443	262	18.27
359	212	18.11
268	150	17.41
128	95	16.76
7	7	15.47
0	0	14.20
0	0	13.95
0	0	14.11
0	0	13.93
0	0	13.21
0	0	12.90
0	0	12.99
0	0	12.85
0	0	12.77
14	14	13.67
41	39	13.80
138	128	14.73
220	202	15.36
227	211	15.59
127	123	17.06
464	341	17.25
464	352	17.47
408	343	18.54
324	297	19.07
504	234	18.40
359	214	18.02
281	146	17.27
66	62	16.52
4	4	16.21
0	0	15.39
0	0	14.26
0	0	13.59
0	0	13.24
0	0	12.51
0	0	11.92
0	0	11.77
0	0	11.90
0	0	11.66
9	9	11.94
84	78	12.17
223	155	12.83
137	130	13.78
162	154	14.92
205	194	15.89
259	243	15.87
392	347	15.96
169	162	16.25
370	318	16.29
441	267	16.21
348	220	16.26
329	116	16.48
117	98	15.69
38	32	14.86
0	0	14.13
0	0	13.75
0	0	13.01
0	0	12.20
0	0	11.30
0	0	11.34
0	0	12.04
0	0	11.55
0	0	12.22
3	3	12.06
70	66	12.20
243	152	12.88
165	155	14.07
233	217	15.11
280	260	16.22
288	268	16.89
459	355	17.53
511	340	17.65
321	295	18.36
344	281	18.16
84	82	18.46
28	28	17.37
37	36	16.34
6	6	15.49
0	0	15.02
0	0	14.22
0	0	13.25
0	0	12.66
0	0	12.44
0	0	12.21
0	0	11.85
0	0	11.77
0	0	11.73
23	22	11.83
115	93	12.62
218	159	14.03
252	220	15.46
462	253	16.93
524	295	18.29
487	343	19.22
573	333	19.31
456	348	19.25
503	309	20.05
257	238	20.33
251	225	20.98
240	166	20.74
63	59	20.14
30	28	19.43
0	0	18.13
0	0	16.90
0	0	16.39
0	0	15.80
0	0	15.92
0	0	15.74
0	0	15.69
0	0	15.30
0	0	15.48
9	9	15.15
46	44	15.39
58	57	15.63
153	145	15.86
206	193	16.36
121	117	15.93
360	329	16.64
338	312	17.30
255	240	17.88
164	157	18.26
267	247	18.36
186	173	18.16
149	138	18.20
78	74	17.83
11	10	17.17
0	0	16.90
0	0	16.47
0	0	15.73
0	0	15.55
0	0	15.03
0	0	14.34
0	0	13.26
0	0	12.64
0	0	12.83
25	23	12.78
88	82	13.31
130	121	13.89
205	190	15.52
382	279	16.60
529	296	18.26
699	239	19.56
556	343	20.39
452	350	21.31
421	326	21.55
353	285	21.57
363	222	22.11
357	105	21.76
96	89	21.24
32	30	19.90
0	0	18.80
0	0	17.70
0	0	16.77
0	0	16.00
0	0	15.62
0	0	14.58
0	0	14.24
0	0	13.99
0	0	13.25
40	32	13.42
156	93	13.53
261	156	14.22
424	180	15.31
446	266	16.65
391	322	18.41
599	311	19.34
669	287	19.40
505	347	19.83
411	327	20.21
372	287	20.63
175	164	20.49
232	172	19.42
143	106	18.07
64	38	17.08
0	0	16.11
0	0	14.89
0	0	13.65
0	0	12.71
0	0	11.72
0	0	11.20
0	0	11.27
0	0	11.14
0	0	11.76
52	33	11.52
98	90	11.59
214	166	12.62
334	224	13.86
380	282	15.61
568	281	16.48
527	340	17.40
326	302	18.10
435	352	18.04
532	305	17.99
338	286	18.42
162	153	18.68
181	166	18.46
197	89	17.31
50	42	16.56
0	0	15.75
0	0	14.89
0	0	14.79
0	0	13.55
0	0	13.12
0	0	12.59
0	0	12.57
0	0	12.62
0	0	13.09
14	13	13.11
26	26	13.04
102	97	13.99
211	195	15.13
335	282	16.28
384	323	17.80
487	349	18.32
347	320	18.86
314	291	19.34
372	324	19.61
210	198	20.24
140	133	20.66
224	175	20.41
73	69	19.56
27	25	19.04
0	0	18.05
0	0	17.50
0	0	17.05
0	0	16.75
0	0	16.81
0	0	15.98
0	0	15.47
0	0	14.39
0	0	14.74
58	36	14.33
176	92	14.19
262	162	15.09
387	210	16.36
558	206	17.85
584	275	19.25
633	297	20.21
697	273	21.06
627	304	21.75
499	320	21.65
476	268	21.93
415	207	21.48
211	176	20.81
178	104	20.03
47	43	18.63
0	0	17.00
0	0	15.65
0	0	14.81
0	0	13.82
0	0	12.73
0	0	11.84
0	0	11.44
0	0	11.23
0	0	10.66
32	30	10.93
161	100	11.89
235	170	12.73
444	177	13.69
357	286	15.32
365	322	16.44
497	351	17.45
673	292	18.49
485	354	18.90
610	268	19.15
580	202	19.49
459	180	18.92
152	141	17.42
135	112	15.91
30	29	15.03
0	0	14.18
0	0	12.88
0	0	11.57
0	0	11.25
0	0	10.32
0	0	9.56
0	0	9.71
0	0	9.64
0	0	9.62
56	40	10.24
127	105	10.34
278	160	11.18
350	227	12.77
562	208	14.05
620	256	15.51
676	272	17.11
680	290	18.07
632	305	18.66
575	291	19.35
492	264	19.30
458	184	19.27
384	99	19.01
215	88	18.40
75	46	17.40
0	0	16.72
0	0	15.40
0	0	14.34
0	0	13.11
0	0	12.71
0	0	11.67
0	0	11.55
0	0	11.77
0	0	11.27
42	38	10.93
173	100	11.19
227	173	12.20
339	231	14.13
476	264	15.38
485	322	16.79
626	307	17.37
764	220	17.62
533	348	17.57
629	259	17.04
361	293	17.15
366	233	17.31
237	180	16.14
170	112	15.97
53	48	15.13
0	0	14.01
0	0	13.35
0	0	12.54
0	0	11.78
0	0	10.73
0	0	10.72
0	0	9.75
0	0	9.81
0	0	10.05
60	43	11.05
160	106	11.65
329	136	12.86
567	100	14.89
659	117	17.93
594	278	20.18
668	281	21.78
637	320	23.37
759	207	24.52
678	221	25.04
657	134	25.34
491	162	25.01
363	125	24.72
241	72	23.70
94	41	22.55
0	0	21.18
0	0	19.34
0	0	18.04
0	0	16.98
0	0	16.69
0	0	16.10
0	0	15.66
0	0	15.42
0	0	15.29
73	42	15.22
179	102	14.86
266	170	15.82
374	225	16.88
455	276	17.99
570	293	19.65
821	145	20.81
752	237	20.92
708	257	20.99
633	260	21.33
562	227	21.52
494	162	20.82
302	168	20.13
130	115	18.99
58	51	17.68
0	0	16.61
0	0	15.28
0	0	14.47
0	0	13.03
0	0	11.79
0	0	11.32
0	0	10.50
0	0	10.14
0	0	10.21
60	46	10.63
188	100	10.83
292	162	12.21
439	193	13.64
521	246	15.92
730	163	18.04
850	150	20.39
770	221	20.99
718	250	21.98
717	188	22.91
584	212	22.98
472	183	22.90
323	159	21.89
193	110	21.00
97	45	20.21
0	0	18.59
0	0	17.61
0	0	16.38
0	0	14.98
0	0	14.12
0	0	13.03
0	0	12.83
0	0	12.05
0	0	11.36
89	38	11.83
221	81	11.67
264	174	12.45
350	235	13.12
449	281	14.74
670	226	15.91
737	230	17.52
686	294	17.96
557	346	17.87
569	303	18.15
457	286	17.98
409	224	17.40
267	182	16.88
238	84	15.82
65	55	14.12
0	0	12.68
0	0	11.64
0	0	10.89
0	0	10.37
0	0	9.61
0	0	9.31
0	0	8.91
0	0	8.59
0	0	8.40
46	42	8.28
186	105	8.21
379	103	9.38
509	139	10.46
515	253	12.49
445	333	14.07
437	359	14.70
390	356	14.79
484	361	15.84
236	223	16.03
471	282	16.19
274	242	15.93
172	159	15.27
138	120	14.19
60	55	13.39
0	0	12.01
0	0	10.78
0	0	9.36
0	0	8.06
0	0	7.37
0	0	7.47
0	0	7.02
0	0	7.10
0	0	7.62
25	24	8.13
131	113	8.29
255	178	9.27
234	215	10.41
477	273	11.98
564	302	12.99
314	291	13.29
445	369	14.31
446	362	15.26
235	222	15.24
354	297	15.72
64	63	15.65
105	100	15.26
99	93	14.52
44	41	13.88
0	0	12.98
0	0	13.16
0	0	12.55
0	0	12.04
0	0	12.01
0	0	11.19
0	0	10.77
0	0	10.57
0	0	10.47
43	40	10.73
194	106	10.79
345	138	11.74
362	235	12.73
434	288	13.87
707	197	14.73
503	359	15.76
449	369	16.36
627	320	17.03
590	296	17.41
404	299	17.59
342	247	17.46
230	188	16.13
194	118	15.19
60	55	13.96
0	0	13.46
0	0	12.76
0	0	12.02
0	0	10.71
0	0	9.87
0	0	9.11
0	0	8.80
0	0	8.93
0	0	8.99
26	25	9.45
104	96	9.96
262	179	10.61
321	243	11.64
428	290	13.16
431	336	14.85
702	268	15.65
789	212	16.38
667	297	17.24
611	285	17.83
316	288	18.82
320	249	17.92
214	187	16.70
131	120	15.56
56	52	14.50
0	0	14.12
0	0	13.07
0	0	11.82
0	0	11.17
0	0	10.11
0	0	9.63
0	0	9.15
0	0	9.10
0	0	9.14
46	43	9.16
113	104	9.14
185	170	10.06
183	172	10.90
458	284	11.71
454	336	13.60
578	342	14.75
617	340	14.92
459	364	14.92
510	331	14.81
350	299	15.08
184	173	14.55
203	185	14.09
103	96	12.95
9	9	12.21
6	4	11.85
0	0	11.19
0	0	9.91
0	0	8.98
0	0	8.22
0	0	8.41
0	0	7.73
0	0	7.31
0	0	8.07
95	48	8.26
133	117	8.50
325	158	8.91
304	244	10.54
458	285	12.34
487	332	13.96
599	334	14.82
591	352	15.66
541	357	15.20
588	301	15.93
302	277	17.15
267	244	17.20
220	189	16.69
188	124	16.16
49	46	15.12
8	5	13.82
0	0	13.05
0	0	12.77
0	0	12.07
0	0	11.66
0	0	11.15
0	0	10.85
0	0	10.45
0	0	10.55
65	55	10.71
206	107	10.73
289	176	10.88
365	239	11.84
489	274	13.49
511	327	14.39
652	307	15.11
631	336	15.80
684	290	15.67
541	324	15.64
405	303	16.39
313	252	16.53
235	192	16.48
174	128	14.89
57	53	13.46
10	6	12.83
0	0	12.33
0	0	11.28
0	0	10.20
0	0	9.90
0	0	9.25
0	0	9.46
0	0	9.28
0	0	9.68
12	12	9.34
162	121	9.08
359	138	9.56
397	229	11.03
558	235	12.75
651	255	14.36
344	318	15.39
454	373	16.22
409	360	16.87
494	338	16.92
452	296	16.96
304	252	16.42
295	187	16.69
157	129	15.87
80	65	14.80
10	7	14.45
0	0	13.76
0	0	12.77
0	0	12.00
0	0	11.86
0	0	11.41
0	0	10.68
0	0	9.93
0	0	9.64
38	36	10.10
108	100	9.95
306	172	10.83
310	246	12.08
298	274	13.44
395	336	15.19
429	362	16.44
644	331	16.72
743	245	17.74
322	297	18.07
500	281	18.47
552	132	18.31
381	141	17.48
219	118	16.86
91	66	15.41
13	8	14.14
0	0	12.65
0	0	11.66
0	0	11.20
0	0	10.34
0	0	10.22
0	0	10.35
0	0	10.17
0	0	9.89
86	58	10.45
118	109	11.23
215	185	11.82
267	241	12.95
440	293	14.26
570	308	15.56
468	365	16.72
526	372	17.07
608	337	17.98
467	343	18.16
129	124	19.16
174	164	19.16
94	91	18.75
99	93	18.43
64	59	17.68
12	10	17.40
0	0	16.66
0	0	16.75
0	0	15.76
0	0	15.28
0	0	15.18
0	0	15.58
0	0	15.45
0	0	15.49
48	44	15.54
104	97	15.98
108	103	16.90
247	227	18.23
416	298	19.15
154	149	19.69
68	67	20.91
431	371	21.66
376	344	21.69
473	343	21.63
446	301	21.81
230	213	21.11
189	174	20.79
36	35	20.81
43	40	19.69
5	5	18.87
0	0	18.07
0	0	18.08
0	0	17.68
0	0	17.35
0	0	17.02
0	0	16.02
0	0	15.66
5	4	15.76
92	58	16.12
214	109	15.79
302	176	17.28
310	248	18.31
334	295	19.14
396	338	20.23
528	361	20.96
220	209	21.68
498	368	21.85
351	322	22.28
427	305	22.32
256	235	22.27
252	197	21.71
133	122	20.89
34	32	20.44
7	7	18.95
0	0	17.65
0	0	16.37
0	0	14.96
0	0	14.40
0	0	13.55
0	0	12.96
0	0	12.53
9	4	12.71
85	61	12.54
145	124	12.57
357	147	13.25
525	146	14.96
545	250	16.97
615	285	18.55
697	283	19.21
734	275	19.98
706	281	20.65
597	305	20.66
505	283	20.95
470	211	20.28
399	134	19.40
221	124	17.88
118	64	15.89
14	12	15.26
0	0	13.82
0	0	12.68
0	0	11.86
0	0	10.86
0	0	10.08
0	0	8.76
0	0	8.81
10	5	8.99
100	58	9.66
219	109	10.25
359	146	11.15
504	167	12.76
580	226	14.46
557	316	15.85
765	225	16.95
630	343	17.49
672	306	18.64
700	232	18.83
467	298	19.53
439	230	18.97
245	198	18.02
137	126	17.03
69	63	15.55
10	9	14.18
0	0	13.43
0	0	11.03
0	0	9.51
0	0	8.60
0	0	9.15
0	0	9.39
0	0	8.94
10	6	9.22
57	53	9.44
213	113	9.76
362	145	10.86
427	222	12.44
627	186	14.27
627	279	15.87
667	305	17.03
750	264	17.53
643	324	18.57
537	332	19.46
344	303	19.56
314	258	19.72
245	199	19.08
211	130	17.99
108	71	16.83
15	14	15.26
0	0	13.88
0	0	13.31
0	0	12.58
0	0	12.63
0	0	12.03
0	0	12.33
0	0	11.74
13	6	12.25
117	51	12.07
282	58	13.05
375	136	14.25
418	227	15.37
463	290	16.88
646	266	18.25
726	262	19.76
750	265	20.22
704	285	20.96
718	218	21.24
629	204	21.40
535	163	21.57
357	170	21.31
152	134	20.52
43	41	19.39
16	15	18.35
0	0	17.18
0	0	15.07
0	0	13.59
0	0	13.03
0	0	13.46
0	0	13.06
0	0	13.34
12	7	13.01
82	64	12.61
167	127	12.59
236	190	13.56
347	249	15.11
605	208	16.49
594	301	18.47
573	352	19.53
640	340	19.64
630	333	20.10
545	331	20.37
503	288	20.56
396	251	20.08
322	189	19.30
153	135	18.36
80	72	17.49
16	14	16.23
0	0	15.35
0	0	13.99
0	0	12.89
0	0	12.54
0	0	11.45
0	0	11.31
0	0	11.19
11	8	11.14
106	59	10.31
207	118	11.84
302	181	12.29
335	250	13.45
571	236	14.70
562	317	16.09
615	336	16.75
641	340	17.17
625	336	17.79
613	300	18.57
443	307	18.47
360	259	18.99
392	149	18.64
248	117	17.35
116	72	16.24
22	17	14.84
0	0	14.36
0	0	13.09
0	0	11.82
0	0	10.44
0	0	9.91
0	0	9.47
0	0	9.84
6	6	10.57
87	65	10.44
94	88	10.89
166	154	11.94
234	216	12.79
320	292	14.56
370	334	15.95
508	367	16.84
723	289	17.04
586	353	17.69
556	328	17.70
164	157	17.75
139	133	18.20
313	194	17.80
178	139	17.51
67	62	16.78
8	7	16.00
0	0	15.38
0	0	14.09
0	0	13.41
0	0	13.07
0	0	12.17
0	0	11.63
0	0	11.85
14	9	12.42
74	64	12.41
186	126	13.39
258	191	14.13
313	251	16.25
598	216	17.92
706	219	19.38
769	226	21.03
702	305	21.01
625	337	21.36
659	272	21.70
529	279	22.21
462	225	21.75
269	203	21.17
181	140	20.79
138	64	19.41
29	18	18.45
0	0	17.29
0	0	15.82
0	0	14.91
0	0	14.39
0	0	13.91
0	0	13.57
0	0	13.91
16	9	14.43
58	53	14.68
224	112	15.37
374	141	17.23
512	166	18.87
649	168	21.11
776	146	22.99
763	232	24.10
774	248	25.34
765	239	25.88
710	231	26.16
606	229	26.29
493	206	27.15
394	151	26.41
239	126	25.39
101	77	23.50
22	19	22.29
0	0	21.19
0	0	19.42
0	0	18.72
0	0	18.05
0	0	18.20
0	0	17.78
0	0	17.76
3	3	18.41
10	10	18.53
195	125	19.19
147	138	19.62
129	124	20.00
103	100	20.36
176	169	21.28
275	258	22.05
571	368	21.84
461	372	21.72
427	349	22.42
313	287	23.06
213	199	22.71
138	131	21.83
42	41	21.30
32	31	20.63
7	7	19.62
0	0	19.13
0	0	18.16
0	0	17.93
0	0	18.15
0	0	18.07
0	0	17.86
0	0	17.50
7	7	17.46
34	33	17.49
99	93	18.32
97	93	18.40
208	194	18.75
309	283	18.98
317	293	18.77
184	177	18.33
305	285	18.62
255	241	18.63
280	261	18.23
134	129	17.83
123	119	17.56
164	154	16.57
52	51	15.91
75	69	15.28
3	3	14.03
0	0	13.60
0	0	13.16
0	0	12.62
0	0	11.92
0	0	11.56
0	0	11.07
0	0	10.67
11	10	10.78
53	50	10.95
163	129	11.02
280	189	12.16
261	239	13.59
431	300	15.06
585	308	16.00
254	240	15.91
433	375	15.99
707	289	15.80
664	271	15.73
453	308	15.97
433	243	16.19
292	203	15.24
127	118	14.29
44	42	13.31
27	21	12.80
0	0	12.59
0	0	11.34
0	0	10.26
0	0	9.08
0	0	8.60
0	0	8.24
0	0	7.92
10	9	8.25
71	65	7.79
45	44	8.35
225	191	9.31
202	188	10.24
345	300	11.37
523	332	12.42
617	337	13.09
516	379	14.23
566	362	14.90
452	351	15.36
495	297	15.59
380	260	15.68
294	203	15.76
199	142	14.79
88	78	14.03
27	22	13.01
0	0	12.24
0	0	11.62
0	0	10.91
0	0	10.16
0	0	9.91
0	0	9.58
0	0	9.75
10	9	9.86
113	60	9.89
154	129	10.49
179	165	11.18
268	245	11.69
325	295	12.38
507	337	13.44
655	317	13.97
644	341	14.57
543	367	14.53
418	349	14.13
199	189	14.55
129	124	15.21
15	15	14.40
74	71	14.05
62	58	13.88
11	11	13.24
0	0	12.24
0	0	11.73
0	0	11.26
0	0	10.59
0	0	10.60
0	0	10.87
0	0	10.75
13	11	11.20
68	63	11.16
203	124	11.46
312	180	12.52
362	249	13.61
244	228	14.40
463	343	15.59
594	347	16.36
610	357	16.48
572	360	16.72
315	291	17.60
125	121	18.02
370	263	18.38
167	156	18.20
230	136	17.86
106	81	17.21
25	22	16.80
0	0	15.94
0	0	14.35
0	0	13.45
0	0	13.11
0	0	12.76
0	0	12.56
0	0	12.68
15	11	12.45
91	67	12.75
215	119	13.32
265	192	14.32
441	219	16.43
602	214	18.31
636	278	20.19
721	271	20.75
696	312	21.35
747	259	21.82
614	306	22.11
434	313	22.75
318	264	22.62
262	207	22.49
227	138	22.02
78	72	21.31
13	12	20.49
0	0	18.91
0	0	17.25
0	0	16.12
0	0	15.47
0	0	14.72
0	0	14.00
0	0	14.10
7	7	14.56
53	49	14.66
133	122	15.52
210	188	16.46
394	240	17.14
448	297	18.09
521	333	19.01
320	298	19.78
487	381	20.61
391	358	21.02
434	351	21.75
415	315	21.38
343	266	21.77
333	195	21.10
250	128	20.81
94	81	20.68
27	23	19.64
0	0	18.79
0	0	18.03
0	0	17.47
0	0	16.89
0	0	16.41
0	0	16.58
0	0	16.86
4	4	17.20
65	60	17.14
43	42	16.84
133	125	17.51
146	139	18.34
352	301	19.45
496	339	20.08
420	365	20.42
287	269	20.87
239	226	20.43
349	321	20.15
175	167	20.27
206	193	20.67
74	72	20.22
180	145	19.57
37	36	19.51
13	13	19.18
0	0	18.63
0	0	17.72
0	0	17.03
0	0	16.43
0	0	16.35
0	0	16.18
0	0	16.15
11	10	15.88
35	33	15.88
49	47	16.04
185	170	17.03
370	247	17.16
572	237	18.09
495	339	18.21
524	366	18.96
296	277	18.77
245	232	18.84
303	281	18.73
329	301	18.92
358	266	18.60
192	177	18.16
88	84	18.00
76	70	17.34
28	24	16.04
0	0	15.38
0	0	14.90
0	0	14.15
0	0	13.63
0	0	13.28
0	0	12.88
0	0	13.35
1	1	13.80
43	41	13.67
138	126	14.30
90	87	14.89
232	215	15.92
372	303	17.12
306	283	17.90
273	257	18.57
441	377	18.92
697	299	18.93
316	293	19.61
393	315	20.33
323	266	20.34
95	91	20.61
145	133	21.17
76	70	20.92
25	23	20.88
0	0	20.77
0	0	19.97
0	0	19.87
0	0	19.28
0	0	18.16
0	0	17.16
0	0	16.65
12	11	16.95
104	64	17.41
212	119	17.59
286	188	18.35
311	251	19.82
435	299	21.21
663	257	21.44
720	272	21.83
739	281	22.66
615	345	22.39
613	308	22.90
504	297	23.08
421	253	23.65
331	198	22.97
174	146	21.37
151	70	20.15
26	24	18.99
0	0	17.67
0	0	16.39
0	0	14.59
0	0	12.76
0	0	13.19
0	0	12.75
0	0	12.39
12	11	12.67
77	66	12.91
230	110	13.61
342	163	14.84
358	249	17.67
570	238	19.20
696	229	20.68
624	334	21.62
756	267	22.62
779	232	23.18
682	262	24.07
551	275	24.69
441	245	24.48
259	209	24.01
194	147	23.12
110	84	22.37
38	25	20.86
0	0	20.31
0	0	19.34
0	0	19.09
0	0	18.47
0	0	17.94
0	0	17.45
0	0	17.50
11	10	18.07
116	58	18.27
203	122	19.01
328	171	20.50
440	218	22.10
546	254	23.34
588	305	24.93
497	369	25.16
737	282	26.24
771	239	26.25
435	352	26.61
420	316	27.15
384	263	27.26
213	196	26.99
155	141	25.65
139	77	24.96
18	17	23.62
0	0	21.92
0	0	21.28
0	0	20.44
0	0	19.50
0	0	19.14
0	0	18.53
0	0	18.01
14	11	18.30
56	52	18.27
111	103	18.17
267	190	19.18
373	245	21.02
449	296	22.24
440	343	23.59
706	282	24.12
715	299	23.99
799	211	24.78
622	303	24.73
514	294	24.97
422	253	24.43
226	204	24.07
218	144	23.13
91	82	21.71
40	25	20.68
0	0	19.56
0	0	18.06
0	0	16.85
0	0	16.66
0	0	16.17
0	0	16.49
0	0	16.65
8	8	17.07
21	21	16.83
100	94	17.62
275	189	18.24
429	223	19.37
451	295	20.80
496	338	22.15
417	364	23.02
641	343	23.38
584	358	23.36
633	297	24.26
438	314	23.63
517	199	24.30
225	204	23.82
94	89	23.31
79	73	22.99
33	26	22.08
0	0	21.46
0	0	20.07
0	0	18.67
0	0	18.05
0	0	17.27
0	0	17.11
0	0	16.50
11	10	16.55
113	59	16.70
213	117	17.14
302	181	18.40
371	245	19.53
246	230	20.48
364	333	21.43
530	364	21.76
512	379	21.79
349	323	22.02
515	346	22.07
407	316	22.19
216	202	21.61
340	195	21.22
243	135	19.59
135	79	18.50
36	26	17.68
0	0	17.18
0	0	16.02
0	0	15.77
0	0	15.91
0	0	15.16
0	0	15.02
0	0	14.81
12	10	15.65
91	65	15.89
228	108	16.26
213	188	16.91
424	225	18.13
621	193	20.26
609	292	21.81
545	361	23.25
605	358	23.91
612	346	25.26
644	290	25.65
600	244	25.64
454	240	25.76
268	210	25.08
176	147	24.99
64	60	24.01
33	26	23.02
0	0	21.71
0	0	20.72
0	0	19.97
0	0	18.94
0	0	17.88
0	0	17.14
0	0	17.38
7	7	17.91
63	58	17.66
201	121	18.10
277	187	19.09
449	210	20.42
407	301	22.66
656	260	24.01
591	347	24.29
716	297	24.95
666	319	25.08
730	221	25.79
742	131	25.54
478	227	25.41
252	209	25.51
227	142	24.21
137	79	22.94
35	26	21.40
0	0	20.37
0	0	19.11
0	0	17.57
0	0	16.47
0	0	15.96
0	0	15.38
0	0	15.41
3	3	15.92
25	24	16.54
12	12	16.67
138	130	17.53
373	243	18.96
352	299	20.38
489	338	20.91
381	348	21.50
568	370	22.38
468	374	22.08
529	342	22.59
245	229	22.38
350	267	22.64
201	185	22.91
178	147	21.81
137	79	20.81
40	25	20.62
0	0	20.28
0	0	19.72
0	0	18.95
0	0	18.93
0	0	18.62
0	0	17.82
0	0	17.22
15	9	16.84
98	62	17.22
210	116	18.11
351	152	19.36
443	212	21.28
551	247	23.22
699	222	24.31
675	302	25.53
665	329	25.73
677	311	25.76
511	347	25.81
475	307	26.60
404	259	26.98
386	171	26.17
266	123	25.33
150	72	24.10
37	26	23.32
0	0	21.84
0	0	21.03
0	0	20.46
0	0	19.35
0	0	18.08
0	0	18.00
0	0	17.61
7	7	17.87
104	59	18.32
221	109	18.63
374	133	19.47
420	224	20.97
457	291	22.78
654	259	23.92
708	277	24.63
818	204	25.81
783	225	25.64
702	245	25.98
612	234	25.95
431	250	26.14
394	165	25.77
199	147	25.06
106	84	23.20
38	25	21.82
0	0	21.08
0	0	19.25
0	0	18.08
0	0	17.18
0	0	16.14
0	0	15.34
0	0	15.39
8	8	16.16
96	61	16.30
161	125	16.80
342	157	18.21
509	160	20.30
598	209	22.33
721	199	24.01
800	191	25.11
863	154	25.63
834	171	25.98
718	231	26.05
677	174	26.86
538	181	27.06
349	191	26.43
241	136	25.54
68	63	24.42
19	18	24.11
0	0	23.04
0	0	21.55
0	0	20.26
0	0	19.07
0	0	17.94
0	0	17.65
0	0	17.61
12	8	17.36
98	59	16.91
172	124	17.77
318	169	19.11
483	181	20.83
583	221	21.93
709	210	22.95
738	252	23.76
803	218	24.58
784	223	25.47
682	261	25.61
638	211	25.40
498	212	26.09
384	171	25.84
263	124	24.73
82	75	23.49
24	22	22.07
0	0	20.50
0	0	19.00
0	0	17.65
0	0	17.97
0	0	17.95
0	0	17.43
0	0	17.44
11	7	18.37
88	61	17.71
135	121	17.92
291	179	19.00
349	245	19.67
457	289	21.02
534	324	22.15
556	356	22.90
599	358	23.12
822	183	23.90
596	316	24.47
543	279	25.00
372	265	25.45
326	200	25.05
203	146	23.86
128	81	22.92
29	25	21.50
0	0	20.49
0	0	19.71
0	0	19.06
0	0	18.72
0	0	17.83
0	0	17.92
0	0	17.36
7	7	17.78
74	61	18.25
152	123	19.29
192	176	19.88
209	195	21.18
242	226	22.10
358	327	22.97
336	311	23.89
74	73	23.92
425	368	24.63
650	283	24.83
374	313	25.00
475	227	24.73
329	199	24.54
168	145	24.02
87	80	23.41
31	25	22.69
0	0	22.77
0	0	22.01
0	0	21.49
0	0	21.68
0	0	21.14
0	0	20.50
0	0	20.09
6	6	19.81
41	38	19.31
76	72	19.05
201	181	19.51
316	246	19.95
132	128	21.07
383	334	21.81
375	343	22.16
238	225	22.62
479	373	22.80
493	348	22.50
360	311	22.45
399	259	22.13
271	209	22.12
123	114	21.63
46	44	21.01
36	24	20.30
0	0	19.81
0	0	19.09
0	0	18.64
0	0	17.56
0	0	17.26
0	0	17.31
0	0	17.26
6	5	17.30
107	51	17.32
169	121	17.40
201	181	17.81
230	213	18.74
394	297	20.19
313	289	20.54
184	176	20.55
408	368	21.08
470	372	21.39
528	341	22.13
292	270	22.01
243	225	21.78
147	139	21.43
100	94	20.82
41	39	20.19
22	20	19.45
0	0	18.74
0	0	18.30
0	0	17.26
0	0	16.79
0	0	16.50
0	0	16.39
0	0	16.51
4	4	16.35
37	36	16.20
134	119	16.21
181	166	16.76
102	99	17.88
136	130	19.22
390	335	19.81
480	366	20.04
357	329	20.57
287	269	21.39
427	350	21.45
325	297	21.46
118	114	22.30
267	208	21.95
139	128	22.11
19	19	21.52
8	8	21.06
0	0	21.07
0	0	20.93
0	0	20.29
0	0	20.23
0	0	19.62
0	0	19.19
0	0	19.50
0	0	20.11
35	33	20.56
128	117	20.95
322	160	21.76
380	233	22.44
297	272	23.51
543	317	24.38
623	326	25.29
556	368	25.36
511	370	25.21
475	349	25.15
267	248	25.36
324	265	25.26
153	143	24.95
104	98	24.35
29	28	23.60
16	15	22.64
0	0	22.80
0	0	21.73
0	0	21.64
0	0	21.01
0	0	20.60
0	0	20.71
0	0	20.49
0	0	20.43
46	43	20.57
85	80	21.11
174	160	21.83
212	196	22.95
444	288	24.08
414	337	24.46
810	171	24.48
752	260	25.43
395	360	25.25
514	343	25.75
337	305	25.44
183	173	25.10
144	136	24.94
93	88	24.32
73	68	23.46
19	18	22.87
0	0	22.02
0	0	21.12
0	0	20.30
0	0	19.53
0	0	19.17
0	0	18.79
0	0	18.12
0	0	18.25
32	31	18.11
14	14	18.46
36	35	18.05
49	48	18.33
279	258	19.20
288	268	19.47
384	351	18.90
124	121	19.57
265	249	19.39
323	299	19.96
236	221	19.95
208	194	19.58
144	136	19.32
95	90	18.96
63	59	17.91
9	9	17.51
0	0	17.27
0	0	17.08
0	0	16.29
0	0	16.71
0	0	16.14
0	0	15.74
0	0	15.84
0	0	15.94
46	43	15.93
201	106	16.41
320	157	17.04
267	237	17.95
316	287	18.99
217	205	19.58
371	340	19.32
520	373	20.30
475	370	20.62
457	349	20.43
367	311	20.63
257	237	21.03
287	205	20.20
205	142	19.38
67	62	19.43
29	21	18.94
0	0	18.36
0	0	18.00
0	0	16.85
0	0	16.67
0	0	15.77
0	0	15.82
0	0	15.67
0	0	16.09
82	53	16.03
211	99	16.73
255	179	18.11
412	215	19.24
562	224	21.20
669	234	22.83
794	185	23.59
810	201	24.34
820	175	24.63
690	247	25.45
576	253	25.79
495	208	25.34
336	191	24.78
223	137	24.55
105	79	23.33
17	16	22.11
0	0	21.35
0	0	19.54
0	0	18.40
0	0	17.60
0	0	16.84
0	0	16.63
0	0	16.62
0	0	17.04
67	54	16.95
210	97	17.79
252	179	18.69
408	216	19.89
565	220	21.28
662	238	22.37
741	236	22.83
632	337	23.62
500	368	24.07
450	348	24.35
465	304	24.77
341	263	24.74
175	163	24.05
115	107	23.84
84	77	22.87
31	19	21.60
0	0	20.64
0	0	19.79
0	0	18.88
0	0	17.65
0	0	16.94
0	0	17.38
0	0	17.55
0	0	17.89
36	34	18.00
219	89	17.92
222	179	18.73
359	233	19.65
486	267	21.02
486	329	21.90
615	325	21.66
583	357	21.89
429	366	22.02
294	273	22.45
339	304	21.81
170	161	21.31
147	139	21.32
118	110	20.74
37	35	19.90
3	3	19.11
0	0	18.98
0	0	18.43
0	0	18.01
0	0	17.60
0	0	17.22
0	0	16.93
0	0	17.48
0	0	18.37
52	48	18.26
177	110	18.62
266	174	19.23
161	152	19.36
308	281	20.15
555	305	21.20
545	350	22.58
385	352	22.95
459	368	23.13
462	347	23.47
359	308	23.25
331	262	23.18
158	148	22.33
146	134	21.51
96	77	20.49
10	10	19.63
0	0	19.37
0	0	18.05
0	0	17.41
0	0	16.34
0	0	16.11
0	0	16.15
0	0	16.12
0	0	16.19
68	51	16.50
200	98	16.81
211	177	17.75
286	237	18.89
525	244	20.46
556	303	21.68
629	315	22.50
698	295	23.00
726	262	23.53
628	288	24.36
533	275	24.09
475	217	24.27
376	165	24.59
235	128	24.56
66	61	23.41
23	17	22.30
0	0	20.90
0	0	19.97
0	0	18.75
0	0	18.02
0	0	17.81
0	0	17.51
0	0	17.80
0	0	17.96
64	50	17.92
223	79	18.32
333	138	19.33
523	116	20.50
497	258	22.58
643	247	24.48
667	290	25.11
695	296	25.58
699	282	26.01
715	218	26.66
627	207	27.18
487	208	27.06
371	166	26.19
276	99	25.41
96	76	24.36
24	16	23.24
0	0	22.63
0	0	21.49
0	0	20.57
0	0	19.69
0	0	19.45
0	0	19.23
0	0	19.30
0	0	19.81
32	30	20.31
82	77	20.88
147	137	21.70
273	234	22.46
348	288	23.33
203	193	23.62
323	299	24.02
641	328	24.32
463	367	24.50
368	335	24.42
293	271	23.85
387	254	23.94
409	135	23.78
182	139	23.55
137	61	23.45
23	15	22.32
0	0	22.08
0	0	20.74
0	0	20.03
0	0	19.24
0	0	18.87
0	0	18.35
0	0	18.08
0	0	18.20
53	47	18.28
10	9	18.51
151	141	19.28
266	232	20.05
211	198	21.31
423	331	21.62
475	358	21.70
213	203	21.82
257	242	22.15
254	238	22.74
340	302	23.18
296	256	23.20
135	128	22.77
142	130	22.45
34	33	22.01
12	11	21.72
0	0	20.92
0	0	20.40
0	0	19.45
0	0	19.08
0	0	18.24
0	0	17.73
0	0	17.14
0	0	17.24
60	47	17.13
103	95	17.28
153	142	17.70
216	200	18.92
492	257	20.46
545	303	21.39
542	347	21.85
572	355	21.94
443	364	22.32
388	339	22.03
442	303	21.47
553	144	21.17
352	173	21.18
167	137	20.40
121	67	19.00
15	13	18.10
0	0	17.21
0	0	16.30
0	0	14.80
0	0	13.62
0	0	13.04
0	0	13.29
0	0	13.07
0	0	13.39
44	40	13.42
91	85	13.39
176	161	14.86
316	233	16.27
297	272	17.06
379	326	18.26
446	357	18.74
610	339	19.66
558	351	20.33
590	304	20.82
495	287	20.81
477	208	20.72
294	195	20.45
129	119	20.20
86	72	19.50
9	9	18.73
0	0	18.06
0	0	17.83
0	0	17.33
0	0	16.97
0	0	16.50
0	0	16.14
0	0	15.53
0	0	15.40
76	39	15.62
200	85	16.22
295	152	16.80
318	232	18.27
392	285	19.62
669	216	20.75
674	278	21.43
611	338	21.46
647	310	22.44
622	284	23.11
531	269	23.27
345	257	23.50
293	194	23.44
169	135	22.54
109	68	21.75
19	11	20.39
0	0	19.18
0	0	17.56
0	0	16.50
0	0	15.35
0	0	14.68
0	0	14.06
0	0	13.95
0	0	13.91
62	42	13.93
201	82	15.17
249	167	16.14
428	187	17.14
446	272	18.95
434	327	19.75
411	352	19.92
579	350	21.07
563	348	21.78
439	342	22.27
344	301	23.16
412	240	23.39
290	194	23.10
211	127	22.39
46	44	21.71
6	6	21.36
0	0	20.71
0	0	19.94
0	0	18.85
0	0	18.22
0	0	17.72
0	0	17.28
0	0	16.49
0	0	16.50
33	31	16.45
129	105	17.18
237	168	18.20
314	230	19.99
442	272	21.02
537	301	22.27
618	311	22.92
536	360	23.57
487	362	23.67
616	285	24.29
510	277	24.20
449	220	24.00
377	149	23.95
218	123	22.82
102	67	21.55
14	9	20.56
0	0	20.14
0	0	19.45
0	0	18.74
0	0	18.37
0	0	17.73
0	0	17.40
0	0	17.38
0	0	17.91
66	38	18.00
143	103	18.73
338	115	20.02
468	151	21.01
581	183	23.00
657	220	25.12
726	229	25.96
825	159	26.14
792	182	26.46
694	223	27.24
578	234	27.16
507	177	27.63
369	153	27.16
225	118	26.61
80	67	25.67
12	8	24.54
0	0	23.14
0	0	21.57
0	0	19.83
0	0	18.76
0	0	18.29
0	0	17.88
0	0	18.22
0	0	18.37
43	38	18.46
158	98	18.49
209	167	19.73
274	228	21.33
323	279	22.42
532	301	23.91
695	254	25.33
470	366	25.76
536	352	26.07
709	206	26.46
469	290	27.25
481	195	26.78
358	159	26.63
196	127	25.72
55	51	24.82
11	7	23.61
0	0	23.16
0	0	21.42
0	0	20.20
0	0	19.29
0	0	17.92
0	0	17.25
0	0	17.35
0	0	18.13
59	36	18.22
71	67	18.65
212	166	19.35
438	171	20.59
648	115	22.73
628	240	24.17
619	305	25.51
722	258	25.84
676	283	26.30
607	286	26.98
572	234	27.38
381	244	28.14
331	172	27.16
194	126	26.83
109	59	24.90
11	5	23.85
0	0	22.75
0	0	21.03
0	0	20.20
0	0	19.83
0	0	18.92
0	0	18.44
0	0	18.28
0	0	18.60
45	37	19.00
130	100	19.50
284	146	20.69
442	166	22.31
505	236	24.01
679	193	25.53
630	297	27.02
748	233	27.06
649	300	26.93
628	270	27.37
542	252	27.77
479	193	27.71
326	173	27.62
212	118	26.04
60	55	24.49
9	4	23.94
0	0	22.74
0	0	20.86
0	0	20.05
0	0	19.39
0	0	18.51
0	0	17.96
0	0	17.54
0	0	18.31
41	35	18.52
118	98	18.08
261	154	19.17
345	217	20.95
568	185	22.53
624	239	24.09
744	202	25.89
730	247	26.38
736	230	27.28
683	224	27.80
599	208	28.55
450	210	28.57
392	123	28.34
219	112	27.91
69	61	26.81
0	0	25.44
0	0	24.39
0	0	23.03
0	0	22.08
0	0	20.94
0	0	19.55
0	0	19.53
0	0	18.56
0	0	19.27
20	19	19.59
132	97	19.80
330	107	21.19
493	111	22.48
544	203	24.16
624	237	25.95
736	207	26.75
795	180	27.48
780	183	27.67
727	177	27.46
568	230	27.00
502	168	27.87
331	166	27.69
165	126	26.72
41	39	25.30
0	0	24.19
0	0	22.59
0	0	21.82
0	0	20.71
0	0	19.24
0	0	18.84
0	0	18.90
0	0	18.23
0	0	18.18
15	14	17.95
91	84	18.56
229	160	18.72
225	206	19.69
335	276	20.82
525	296	21.58
507	343	22.36
479	361	22.70
717	242	22.98
811	144	23.20
605	197	22.92
404	230	23.31
213	186	22.57
138	122	21.60
55	51	20.89
0	0	20.05
0	0	19.30
0	0	18.04
0	0	17.08
0	0	16.97
0	0	16.03
0	0	15.52
0	0	15.49
0	0	16.09
38	31	16.08
112	94	16.22
244	154	17.36
344	213	18.30
549	194	19.26
444	317	20.75
506	342	21.46
495	358	21.89
418	353	21.69
409	333	21.83
476	278	21.51
441	209	21.42
292	179	21.36
221	103	20.82
80	57	20.29
0	0	19.43
0	0	18.45
0	0	17.34
0	0	16.01
0	0	14.98
0	0	14.61
0	0	14.42
0	0	14.33
0	0	15.04
15	15	15.27
124	93	15.80
300	123	16.51
449	146	18.19
504	226	19.98
592	255	21.90
602	304	22.62
633	310	23.46
573	330	23.07
611	271	23.82
520	255	24.43
379	235	24.98
278	181	24.70
138	120	23.72
89	53	22.60
0	0	22.52
0	0	21.57
0	0	20.46
0	0	19.28
0	0	17.18
0	0	16.69
0	0	16.19
0	0	16.59
0	0	17.09
24	22	17.73
168	76	18.31
349	75	18.15
433	157	18.93
497	228	19.67
272	253	21.17
280	261	21.59
405	353	22.11
384	345	22.28
271	253	22.87
196	185	22.82
205	191	22.65
63	61	22.33
57	54	21.13
15	15	19.66
0	0	19.10
0	0	18.50
0	0	18.40
0	0	17.73
0	0	17.64
0	0	17.33
0	0	16.47
0	0	16.17
0	0	16.12
35	27	16.61
152	82	17.35
235	152	18.76
361	201	20.46
521	209	22.18
527	288	24.48
465	344	25.59
561	340	26.16
559	333	26.77
621	259	27.74
571	215	27.94
511	144	27.58
360	132	26.95
233	84	25.56
68	53	24.17
0	0	23.41
0	0	22.48
0	0	21.90
0	0	21.24
0	0	20.90
0	0	20.94
0	0	20.84
0	0	20.65
0	0	20.82
29	25	21.34
185	55	20.71
278	131	20.78
309	215	22.04
468	241	23.14
432	314	25.02
609	295	25.95
539	345	26.32
399	346	26.15
462	326	26.08
461	276	26.44
136	130	25.80
99	94	25.60
116	106	25.17
42	39	24.55
0	0	23.99
0	0	23.23
0	0	22.42
0	0	21.57
0	0	20.87
0	0	20.32
0	0	19.49
0	0	19.00
0	0	19.26
33	24	18.97
59	56	19.30
264	136	20.25
344	204	21.36
415	261	22.91
681	165	23.54
511	334	24.08
400	350	24.94
481	348	25.36
400	327	25.64
222	208	25.27
184	173	25.43
191	175	25.09
135	114	24.10
42	39	22.72
0	0	21.63
0	0	20.68
0	0	19.65
0	0	18.32
0	0	17.64
0	0	17.09
0	0	16.71
0	0	16.56
0	0	16.62
19	18	16.51
122	85	16.77
131	122	17.44
248	213	18.72
299	265	19.51
331	302	20.13
437	342	20.39
256	240	20.21
397	344	20.62
404	326	20.66
192	181	20.66
293	238	19.95
170	157	20.28
38	37	20.22
25	24	20.24
0	0	19.76
0	0	18.09
0	0	17.43
0	0	16.66
0	0	16.34
0	0	16.07
0	0	15.90
0	0	16.03
0	0	16.56
18	17	16.33
111	85	16.30
191	151	16.50
231	208	17.15
280	256	17.98
301	277	18.39
211	201	18.87
250	235	18.58
173	166	18.93
156	150	19.86
283	260	20.61
136	130	20.80
115	109	20.14
33	33	20.40
5	5	19.36
0	0	18.92
0	0	18.71
0	0	18.32
0	0	17.94
0	0	18.57
0	0	18.48
0	0	18.03
0	0	17.05
0	0	16.26
23	19	16.41
77	71	16.73
108	101	16.74
212	194	17.47
413	256	18.46
421	310	19.72
461	338	20.41
403	348	20.49
613	297	20.57
464	320	20.08
322	282	19.49
185	173	19.40
147	137	18.87
28	27	18.51
28	26	17.11
0	0	15.90
0	0	15.47
0	0	14.35
0	0	14.08
0	0	14.49
0	0	13.80
0	0	13.68
0	0	13.98
0	0	13.80
23	18	13.85
128	78	14.00
222	144	14.74
379	178	15.93
563	154	18.68
690	142	20.00
729	183	21.10
716	228	22.82
650	270	23.58
686	185	24.26
603	166	24.74
548	97	24.90
281	163	24.15
186	96	23.05
59	42	22.32
0	0	21.30
0	0	20.63
0	0	19.80
0	0	19.21
0	0	19.09
0	0	18.68
0	0	17.59
0	0	17.27
0	0	16.63
28	15	16.63
116	79	16.86
209	145	17.38
419	145	18.58
493	212	20.97
681	148	22.13
718	191	22.68
602	308	23.82
621	287	24.18
614	246	24.98
578	186	24.86
443	179	24.18
234	172	23.40
180	96	22.09
65	38	20.42
0	0	19.11
0	0	17.42
0	0	16.90
0	0	15.95
0	0	15.19
0	0	14.79
0	0	15.24
0	0	14.82
0	0	15.29
29	11	16.07
102	79	15.87
172	144	16.37
210	193	17.76
264	242	18.77
461	298	20.16
453	335	21.11
527	337	22.21
279	261	22.85
505	304	23.56
612	148	23.36
418	193	23.70
299	148	23.00
78	73	22.84
10	10	22.02
0	0	21.12
0	0	20.27
0	0	19.29
0	0	18.71
0	0	18.46
0	0	17.74
0	0	17.07
0	0	16.50
0	0	16.02
11	10	15.85
69	64	16.02
251	125	16.73
394	159	18.30
519	185	19.16
514	277	20.59
467	332	21.78
562	323	22.56
466	340	22.95
511	299	23.22
535	215	23.20
345	223	23.98
231	168	23.27
173	93	21.79
38	35	20.85
0	0	20.08
0	0	19.47
0	0	19.13
0	0	18.42
0	0	17.69
0	0	16.79
0	0	16.75
0	0	16.27
0	0	16.26
15	12	15.80
108	75	16.11
240	129	17.58
327	194	19.31
440	236	20.53
556	251	21.39
534	313	22.26
687	242	23.61
585	301	23.92
635	219	24.69
513	228	25.19
401	196	25.72
287	148	25.31
147	99	23.60
32	29	22.32
0	0	20.85
0	0	19.16
0	0	18.04
0	0	18.08
0	0	17.63
0	0	17.46
0	0	17.68
0	0	17.45
0	0	17.03
5	4	16.76
46	44	16.85
134	124	17.39
90	87	18.55
189	178	19.72
168	161	20.01
236	222	20.31
428	344	21.32
582	300	22.36
634	216	21.98
499	233	22.33
355	215	22.03
196	164	22.09
170	87	20.27
49	31	19.15
0	0	17.74
0	0	17.06
0	0	17.27
0	0	16.03
0	0	14.76
0	0	14.65
0	0	14.10
0	0	14.28
0	0	13.38
6	6	13.20
95	73	14.27
227	130	15.72
367	169	16.92
486	203	17.99
690	122	18.88
284	264	19.37
245	231	19.73
248	233	19.77
205	194	20.07
263	242	20.33
260	222	20.34
210	163	19.87
105	95	19.25
10	9	18.49
0	0	17.90
0	0	16.87
0	0	16.72
0	0	16.03
0	0	15.38
0	0	15.46
0	0	14.61
0	0	14.57
0	0	14.76
7	6	14.52
26	26	14.49
184	138	15.22
282	200	15.75
279	251	17.00
352	298	17.85
139	134	17.95
347	318	18.00
149	143	18.28
266	247	18.43
316	271	18.28
161	152	18.09
179	158	17.26
49	47	16.36
13	12	16.13
0	0	15.10
0	0	14.79
0	0	13.79
0	0	13.02
0	0	12.10
0	0	12.21
0	0	11.74
0	0	11.96
0	0	11.53
6	5	11.44
46	44	12.07
92	87	12.63
199	182	13.55
294	253	14.37
337	295	15.22
323	297	15.88
483	336	17.03
188	179	16.94
237	222	17.42
179	170	17.56
284	221	17.92
231	157	17.46
107	92	17.18
29	26	16.30
0	0	16.04
0	0	15.28
0	0	14.61
0	0	14.82
0	0	15.18
0	0	14.47
0	0	13.98
0	0	13.40
0	0	13.29
5	4	13.21
48	46	12.93
169	135	13.55
195	179	14.51
285	250	15.56
437	292	16.63
709	171	16.99
453	338	17.92
163	156	18.43
222	209	18.30
180	170	18.75
250	216	19.01
148	136	17.91
111	91	16.63
28	24	16.08
0	0	15.20
0	0	14.99
0	0	13.90
0	0	13.26
0	0	12.73
0	0	12.54
0	0	12.15
0	0	12.14
0	0	11.72
0	0	11.51
85	66	11.50
224	121	11.90
147	138	12.75
387	244	14.34
541	244	15.54
484	317	16.40
684	224	16.96
591	281	18.01
452	302	18.54
325	268	18.43
238	212	18.16
302	115	17.60
109	88	16.81
23	21	16.15
0	0	15.60
0	0	14.86
0	0	13.92
0	0	12.93
0	0	12.41
0	0	12.16
0	0	12.51
0	0	12.80
0	0	12.67
0	0	12.53
126	47	13.23
162	132	13.67
318	182	15.37
464	204	16.67
508	261	16.84
507	308	17.36
567	302	17.70
628	253	18.18
610	214	19.06
409	257	19.23
296	214	19.56
182	152	19.34
113	86	18.24
21	19	17.40
0	0	16.28
0	0	15.06
0	0	14.54
0	0	13.77
0	0	13.29
0	0	13.78
0	0	13.74
0	0	13.42
0	0	13.40
0	0	12.66
50	46	12.81
97	91	12.71
186	171	13.52
329	250	14.77
277	255	15.78
571	276	16.44
344	315	17.26
228	215	18.08
329	297	17.66
316	264	17.79
154	145	17.71
137	127	16.68
98	84	15.83
2	2	15.47
0	0	14.90
0	0	14.46
0	0	14.26
0	0	14.68
0	0	14.03
0	0	13.75
0	0	13.80
0	0	14.98
0	0	14.77
0	0	15.48
130	35	15.44
165	129	16.20
261	192	17.91
312	248	19.69
544	234	21.64
623	237	22.57
436	333	23.22
507	312	24.10
619	197	24.57
562	149	24.91
390	171	24.81
256	132	24.36
81	75	23.63
21	16	22.88
0	0	21.48
0	0	20.59
0	0	19.65
0	0	19.35
0	0	19.30
0	0	18.41
0	0	18.11
0	0	17.61
0	0	17.10
0	0	16.94
103	52	17.17
196	122	18.32
280	187	19.32
431	215	21.03
547	228	22.66
644	216	23.67
607	271	24.35
626	244	24.83
596	213	25.38
557	149	25.55
454	110	25.06
324	72	24.32
129	74	23.85
23	12	23.19
0	0	21.58
0	0	19.83
0	0	19.16
0	0	18.32
0	0	17.40
0	0	16.63
0	0	16.10
0	0	15.27
0	0	15.01
0	0	15.82
56	52	16.04
188	122	16.87
326	168	18.67
406	225	20.58
500	255	22.16
607	243	23.24
599	273	23.49
593	264	23.78
580	222	24.09
471	216	23.47
377	171	23.41
207	143	22.56
140	65	21.56
16	11	20.48
0	0	19.30
0	0	17.53
0	0	16.64
0	0	16.12
0	0	16.11
0	0	15.41
0	0	14.68
0	0	14.60
0	0	14.17
0	0	14.69
70	56	15.32
269	64	16.52
424	81	17.82
413	220	20.02
499	253	21.40
613	235	23.14
604	266	23.47
626	236	24.34
543	245	24.98
472	211	25.13
353	181	25.11
200	141	24.64
45	43	23.04
9	9	21.98
0	0	20.64
0	0	20.11
0	0	19.11
0	0	18.94
0	0	18.47
0	0	17.65
0	0	17.08
0	0	17.24
0	0	17.12
0	0	17.69
76	54	17.91
158	122	18.12
353	144	18.97
406	220	20.08
455	270	22.00
450	311	23.14
514	310	24.32
627	231	25.12
543	242	25.34
416	238	25.83
213	195	24.74
188	140	24.09
125	65	23.13
11	7	22.06
0	0	20.64
0	0	19.35
0	0	18.79
0	0	17.99
0	0	17.36
0	0	16.79
0	0	16.32
0	0	15.98
0	0	16.08
0	0	16.49
73	52	16.31
150	120	17.23
300	172	19.10
454	188	19.78
615	152	21.24
519	287	22.68
615	252	23.70
630	225	23.98
477	274	24.36
470	205	24.35
317	190	24.01
253	113	23.54
117	65	22.65
9	4	21.67
0	0	20.75
0	0	19.54
0	0	18.90
0	0	18.24
0	0	17.19
0	0	16.30
0	0	16.32
0	0	15.84
0	0	15.44
0	0	16.46
88	45	16.95
170	117	17.95
368	125	19.30
449	189	20.38
460	263	21.85
533	278	23.08
549	289	23.86
553	275	24.23
530	242	24.24
430	225	24.68
383	149	24.71
256	106	23.92
113	62	23.21
0	0	22.96
0	0	21.60
0	0	20.88
0	0	20.23
0	0	19.54
0	0	18.92
0	0	18.06
0	0	17.59
0	0	16.68
0	0	16.58
0	0	16.81
35	33	16.83
154	117	17.22
328	152	18.24
390	220	19.13
382	281	21.04
454	304	22.11
425	321	22.82
479	304	22.84
453	277	23.15
305	249	23.64
263	196	23.00
170	133	22.11
85	66	21.37
0	0	20.99
0	0	19.84
0	0	18.67
0	0	18.36
0	0	17.45
0	0	16.40
0	0	15.86
0	0	15.41
0	0	15.25
0	0	15.41
0	0	15.48
31	29	15.64
171	113	16.39
216	179	17.35
195	182	19.05
344	279	19.99
436	305	20.67
367	316	20.91
475	302	21.06
256	237	21.92
453	204	22.15
168	156	22.33
203	126	22.20
56	52	22.48
0	0	21.95
0	0	21.51
0	0	20.23
0	0	20.16
0	0	19.72
0	0	19.30
0	0	18.68
0	0	18.52
0	0	18.63
0	0	18.03
0	0	18.45
82	38	18.76
254	52	19.93
394	86	22.17
470	161	24.53
566	183	26.40
590	231	27.33
644	212	27.53
654	184	28.22
597	175	28.11
464	192	27.80
362	150	27.24
273	75	27.08
117	45	25.98
0	0	24.19
0	0	23.16
0	0	21.59
0	0	20.81
0	0	19.66
0	0	18.10
0	0	17.69
0	0	17.67
0	0	17.54
0	0	17.55
0	0	18.27
68	42	18.42
187	102	19.00
311	152	20.39
448	175	21.89
565	180	23.54
648	175	24.92
592	250	25.82
627	205	26.93
568	197	27.35
449	198	27.25
304	178	26.99
221	110	26.76
101	51	26.15
0	0	25.05
0	0	24.14
0	0	23.15
0	0	21.95
0	0	21.38
0	0	18.04
0	0	17.83
0	0	17.30
0	0	17.11
0	0	16.77
0	0	16.25
77	34	16.16
236	62	16.34
336	132	17.55
382	212	19.21
619	120	20.75
592	222	21.96
664	183	22.26
587	233	22.93
496	244	22.67
425	208	22.99
330	162	22.93
198	116	21.99
45	42	21.18
0	0	19.97
0	0	18.54
0	0	17.06
0	0	15.75
0	0	14.59
0	0	14.06
0	0	13.95
0	0	13.76
0	0	13.68
0	0	14.30
0	0	14.54
48	40	14.81
173	102	16.02
374	94	16.91
413	193	19.11
487	232	20.97
694	123	22.71
690	150	24.06
651	172	24.91
587	169	25.03
396	219	25.31
305	170	25.24
180	119	23.70
60	52	22.14
0	0	20.81
0	0	20.24
0	0	19.84
0	0	19.16
0	0	18.36
0	0	17.93
0	0	18.15
0	0	17.43
0	0	17.53
0	0	17.50
0	0	17.85
40	37	18.08
89	83	18.15
237	171	19.34
224	206	20.74
290	264	21.66
473	284	22.26
412	310	24.00
580	231	24.42
363	278	24.56
325	236	24.44
265	180	24.06
84	79	23.63
30	29	22.31
0	0	22.23
0	0	21.81
0	0	21.50
0	0	21.03
0	0	20.29
0	0	19.65
0	0	18.99
0	0	19.28
0	0	19.42
0	0	19.34
0	0	19.34
35	32	19.09
84	79	19.35
162	149	20.11
189	176	20.59
319	268	21.47
628	175	22.13
410	308	22.81
289	266	23.08
217	203	23.45
207	192	23.32
246	180	23.07
223	88	22.35
7	7	21.81
0	0	20.81
0	0	20.49
0	0	19.93
0	0	19.67
0	0	18.95
0	0	18.26
0	0	17.66
0	0	16.79
0	0	16.05
0	0	16.23
0	0	16.39
43	35	16.46
163	98	16.50
368	86	17.37
312	223	19.23
322	267	20.66
468	281	21.54
537	266	21.92
457	288	22.54
623	111	22.97
465	161	23.42
294	163	23.09
188	105	21.57
73	43	20.79
0	0	19.65
0	0	19.03
0	0	18.45
0	0	17.43
0	0	16.41
0	0	15.46
0	0	14.82
0	0	14.25
0	0	13.44
0	0	13.04
0	0	12.57
18	17	12.77
125	101	13.50
260	159	14.18
330	217	15.20
415	254	16.60
546	237	18.09
599	220	18.38
579	218	18.88
434	256	18.95
297	230	19.41
284	163	19.36
152	111	18.47
59	43	17.18
0	0	15.64
0	0	14.15
0	0	13.44
0	0	12.49
0	0	11.68
0	0	10.88
0	0	11.14
0	0	10.41
0	0	10.29
0	0	10.04
0	0	10.97
34	31	10.70
179	84	11.70
215	165	12.99
289	221	13.88
386	260	15.41
358	292	16.54
459	293	17.19
358	294	18.18
527	196	18.30
311	227	18.46
172	158	18.34
98	91	17.80
26	25	16.23
0	0	15.10
0	0	14.74
0	0	14.10
0	0	13.71
0	0	12.79
0	0	11.82
0	0	11.56
0	0	10.93
0	0	10.29
0	0	10.00
0	0	10.75
33	29	10.87
89	82	10.83
112	105	12.62
273	219	13.32
442	237	14.92
459	275	16.15
753	133	17.54
623	167	18.53
348	267	19.01
384	201	18.70
341	118	18.64
96	89	17.84
32	30	16.26
0	0	14.98
0	0	13.69
0	0	12.09
0	0	10.75
0	0	10.96
0	0	10.02
0	0	9.65
0	0	9.04
0	0	8.73
0	0	8.73
0	0	8.62
33	27	9.07
126	96	9.14
224	160	10.23
343	206	11.60
366	259	13.07
324	284	13.66
381	299	14.50
421	286	15.35
605	107	16.24
370	204	15.81
245	165	15.79
115	102	15.56
30	28	15.64
0	0	14.80
0	0	13.54
0	0	12.30
0	0	11.68
0	0	11.30
0	0	10.74
0	0	10.26
0	0	10.57
0	0	11.01
0	0	10.94
0	0	11.59
15	14	12.46
123	94	13.14
214	159	14.38
351	200	15.90
439	233	17.39
421	281	19.52
259	241	20.94
331	285	22.29
454	231	22.79
349	209	22.73
182	162	22.83
95	87	22.48
15	15	21.94
0	0	21.34
0	0	21.60
0	0	21.07
0	0	21.04
0	0	21.03
0	0	20.51
0	0	20.50
0	0	19.93
0	0	20.00
0	0	19.91
0	0	19.52
22	21	19.51
67	63	19.41
273	138	20.05
263	213	21.20
423	237	22.47
347	284	23.05
321	288	23.74
330	284	24.54
278	253	24.53
286	218	24.52
162	149	24.22
96	89	23.04
22	21	22.28
0	0	21.48
0	0	21.21
0	0	21.08
0	0	20.43
0	0	20.22
0	0	19.66
0	0	18.81
0	0	17.99
0	0	17.47
0	0	17.69
0	0	17.48
32	22	17.92
166	74	19.03
332	87	21.14
384	176	22.34
492	191	23.80
510	237	25.02
572	213	25.42
575	190	26.74
561	135	27.15
485	95	26.66
337	96	25.89
164	85	24.63
44	25	23.33
0	0	21.33
0	0	20.35
0	0	19.03
0	0	17.86
0	0	16.79
0	0	16.29
0	0	15.26
0	0	15.36
0	0	14.64
0	0	14.63
0	0	15.14
22	20	15.93
159	75	17.16
277	129	18.43
441	125	19.92
481	195	21.39
444	266	22.13
525	243	23.29
462	261	24.28
461	214	24.82
383	180	24.77
216	157	24.12
129	93	23.52
46	19	22.14
0	0	21.40
0	0	20.35
0	0	20.09
0	0	19.69
0	0	19.84
0	0	19.18
0	0	18.53
0	0	18.43
0	0	18.04
0	0	17.51
0	0	17.92
24	19	18.21
74	69	18.92
258	136	19.72
436	125	21.08
480	192	23.01
558	193	25.23
564	210	26.41
573	182	26.97
501	180	27.46
354	191	27.44
261	140	27.59
140	87	26.50
27	22	25.77
0	0	24.39
0	0	22.63
0	0	22.19
0	0	21.13
0	0	19.86
0	0	18.69
0	0	17.23
0	0	16.22
0	0	16.00
0	0	15.50
0	0	15.10
4	4	14.99
81	75	15.03
158	144	15.53
238	204	15.59
181	170	15.36
231	215	15.82
325	283	16.22
282	259	16.38
235	217	16.07
112	107	15.39
139	129	14.71
31	30	13.73
8	8	12.87
0	0	11.88
0	0	10.96
0	0	10.40
0	0	10.25
0	0	9.25
0	0	8.78
0	0	8.65
0	0	9.01
0	0	9.03
0	0	8.70
0	0	8.61
23	15	8.85
167	56	9.64
280	115	11.51
245	203	13.39
338	247	15.01
401	270	16.28
478	257	17.51
599	143	18.12
471	192	18.44
338	190	18.50
217	148	18.47
116	85	18.32
15	14	17.62
0	0	16.50
0	0	15.71
0	0	15.26
0	0	14.69
0	0	13.92
0	0	13.05
0	0	12.62
0	0	12.46
0	0	12.54
0	0	11.65
0	0	11.70
19	13	11.60
103	81	12.53
228	140	13.26
379	160	14.36
400	228	15.75
531	200	17.72
549	208	18.49
607	127	19.01
489	173	19.33
428	121	19.42
274	118	19.13
162	59	18.45
25	12	16.95
0	0	15.09
0	0	13.68
0	0	12.95
0	0	11.84
0	0	10.86
0	0	9.96
0	0	8.99
0	0	8.37
0	0	8.28
0	0	8.26
0	0	8.07
21	10	7.38
115	78	7.73
190	144	8.71
266	200	10.29
371	235	10.97
470	237	12.58
441	266	13.26
478	233	13.27
379	233	14.05
304	195	14.28
253	126	13.89
95	79	13.41
13	12	12.83
0	0	12.53
0	0	12.27
0	0	12.04
0	0	11.53
0	0	10.33
0	0	10.16
0	0	9.85
0	0	9.44
0	0	9.66
0	0	9.28
0	0	8.84
14	10	9.14
137	66	10.31
289	95	11.38
298	193	12.92
513	138	14.28
542	181	15.88
524	217	16.70
621	110	17.54
545	103	18.04
270	198	16.98
272	108	16.66
111	76	14.97
8	8	13.36
0	0	11.87
0	0	10.71
0	0	9.78
0	0	9.32
0	0	8.92
0	0	7.35
0	0	6.61
0	0	6.14
0	0	5.92
0	0	5.95
0	0	6.16
6	5	6.38
132	65	7.04
276	101	8.50
343	171	10.21
463	179	11.62
523	192	13.33
545	196	14.02
495	213	15.29
434	198	15.81
377	147	16.10
239	124	15.42
135	61	14.04
13	6	12.61
0	0	11.28
0	0	10.47
0	0	9.67
0	0	8.77
0	0	7.63
0	0	7.13
0	0	6.42
0	0	7.07
0	0	7.15
0	0	7.10
0	0	6.90
8	6	7.64
67	62	8.59
135	124	9.82
305	185	11.02
432	196	12.25
366	263	13.43
236	219	14.90
347	264	15.87
280	235	16.78
196	179	16.81
55	54	17.15
119	65	16.81
6	5	16.78
0	0	16.05
0	0	14.83
0	0	14.59
0	0	14.98
0	0	15.46
0	0	15.36
0	0	15.00
0	0	14.96
0	0	14.57
0	0	14.14
0	0	13.57
4	4	13.71
41	39	13.86
65	62	13.91
229	192	13.99
177	166	14.18
188	177	13.92
279	256	14.19
137	131	14.06
163	154	14.24
260	190	14.23
35	34	14.14
12	12	13.73
0	0	13.33
0	0	12.92
0	0	12.22
0	0	10.69
0	0	10.07
0	0	9.37
0	0	8.82
0	0	8.22
0	0	7.87
0	0	7.91
0	0	7.88
0	0	7.76
0	0	7.98
95	69	8.56
200	131	9.85
279	187	12.23
406	204	13.74
456	225	15.33
544	180	16.26
487	204	16.91
468	156	17.39
399	108	17.75
295	58	17.38
97	65	16.57
0	0	15.42
0	0	14.61
0	0	14.17
0	0	13.24
0	0	12.46
0	0	12.29
0	0	12.26
0	0	11.52
0	0	10.76
0	0	10.45
0	0	10.35
0	0	10.41
0	0	10.82
99	66	11.23
189	131	11.87
356	147	13.06
500	123	14.46
547	148	15.29
374	264	16.00
160	152	15.81
197	183	15.89
297	174	15.74
83	78	15.32
38	36	14.24
0	0	13.48
0	0	13.13
0	0	11.98
0	0	10.56
0	0	10.26
0	0	9.59
0	0	8.89
0	0	9.15
0	0	8.92
0	0	9.41
0	0	9.32
0	0	9.24
0	0	9.92
66	61	10.27
117	109	11.38
255	186	12.26
467	150	13.42
429	232	14.38
315	263	14.89
417	235	15.30
373	208	15.70
311	164	16.07
194	121	15.63
107	52	14.35
0	0	13.45
0	0	11.88
0	0	10.94
0	0	10.00
0	0	9.68
0	0	9.04
0	0	8.84
0	0	8.33
0	0	7.85
0	0	7.75
0	0	8.41
0	0	8.08
0	0	8.05
95	62	9.61
72	69	10.93
189	173	12.27
317	225	13.43
253	233	15.05
244	225	15.86
358	249	16.34
338	217	16.78
309	160	16.83
100	94	16.93
58	53	16.37
0	0	15.94
0	0	15.27
0	0	15.48
0	0	15.46
0	0	15.35
0	0	14.96
0	0	15.07
0	0	13.78
0	0	14.11
0	0	13.40
0	0	12.99
0	0	12.92
0	0	13.18
44	41	13.55
99	92	14.06
161	149	15.71
134	128	16.39
246	226	17.27
527	172	17.70
427	222	17.55
251	218	17.98
237	177	18.56
101	94	18.79
37	35	18.63
0	0	17.22
0	0	16.24
0	0	15.94
0	0	15.63
0	0	14.60
0	0	13.69
0	0	13.61
0	0	13.21
0	0	12.91
0	0	12.91
0	0	12.28
0	0	12.12
0	0	12.08
23	23	11.95
97	91	12.61
137	128	13.75
150	142	15.07
269	243	15.25
177	167	16.20
274	242	16.20
240	214	16.16
96	91	16.70
30	30	16.28
61	52	15.27
0	0	14.96
0	0	13.95
0	0	13.07
0	0	13.05
0	0	12.51
0	0	11.79
0	0	11.41
0	0	10.63
0	0	10.78
0	0	11.04
0	0	11.04
0	0	11.41
0	0	11.43
20	20	11.78
39	38	11.94
96	92	12.65
141	134	13.32
148	141	13.41
101	98	13.76
63	62	13.82
118	113	14.34
114	108	15.01
43	41	14.73
32	30	14.84
0	0	14.33
0	0	13.64
0	0	12.98
0	0	13.30
0	0	13.08
0	0	13.42
0	0	13.27
0	0	13.55
0	0	13.04
0	0	13.42
0	0	13.88
0	0	13.84
0	0	13.61
77	55	14.64
154	121	15.61
400	72	16.82
382	190	18.35
383	233	19.93
387	243	20.20
416	214	21.13
316	209	21.34
309	140	21.68
95	88	21.25
60	47	20.28
0	0	19.02
0	0	17.90
0	0	17.15
0	0	16.32
0	0	15.71
0	0	15.37
0	0	17.05
0	0	16.12
0	0	15.32
0	0	14.85
0	0	14.78
0	0	14.13
0	0	13.94
40	38	13.64
134	117	13.63
163	150	13.86
258	215	14.30
407	219	15.07
452	209	15.56
291	239	15.69
301	209	15.56
148	138	14.92
124	108	13.75
34	32	12.52
0	0	11.91
0	0	10.51
0	0	9.45
0	0	8.58
0	0	7.37
0	0	6.59
0	0	6.25
0	0	5.96
0	0	5.78
0	0	5.25
0	0	5.20
0	0	4.58
0	0	4.42
52	48	4.52
14	14	5.46
169	155	5.76
284	214	7.08
470	174	8.27
541	126	9.02
467	170	10.42
287	208	10.53
211	164	9.93
124	106	9.28
18	17	7.81
0	0	7.10
0	0	6.76
0	0	5.95
0	0	4.71
0	0	4.62
0	0	3.88
0	0	2.99
0	0	2.26
0	0	2.20
0	0	1.88
0	0	2.76
0	0	2.87
0	0	2.54
71	49	3.29
148	114	3.25
217	170	3.83
305	209	5.48
403	213	7.04
514	148	7.85
418	200	7.91
394	157	8.48
239	158	8.78
161	100	8.78
73	30	8.46
0	0	7.85
0	0	7.27
0	0	7.01
0	0	6.82
0	0	6.66
0	0	6.25
0	0	6.23
0	0	6.01
0	0	5.80
0	0	5.45
0	0	4.99
0	0	4.97
0	0	4.34
82	42	4.50
93	86	4.61
190	165	5.75
386	170	6.57
270	233	7.70
221	205	8.52
383	213	8.90
176	163	9.41
188	158	9.97
104	96	9.29
45	36	8.34
0	0	7.92
0	0	7.40
0	0	7.30
0	0	7.08
0	0	6.68
0	0	6.01
0	0	6.02
0	0	4.80
0	0	4.86
0	0	5.10
0	0	5.00
0	0	5.40
0	0	5.33
29	27	4.90
137	110	4.77
125	117	5.04
173	161	6.13
384	215	6.91
316	241	7.43
172	161	7.81
257	201	8.16
166	151	8.01
173	86	7.66
5	5	7.28
0	0	6.45
0	0	5.46
0	0	5.19
0	0	5.17
0	0	4.78
0	0	4.47
0	0	3.93
0	0	4.26
0	0	4.46
0	0	4.64
0	0	4.52
0	0	5.10
0	0	4.93
86	31	5.11
129	108	5.95
263	153	6.90
413	139	8.09
310	230	10.11
390	220	12.09
306	227	12.59
285	195	12.41
204	153	12.47
106	94	11.82
26	24	11.22
0	0	11.27
0	0	10.50
0	0	10.71
0	0	10.20
0	0	10.20
0	0	9.68
0	0	10.03
0	0	9.69
0	0	9.11
0	0	9.39
0	0	8.94
0	0	9.11
0	0	9.52
3	3	9.82
55	53	10.11
122	114	11.30
236	201	12.56
338	223	14.00
276	234	13.58
339	218	14.78
271	195	14.88
119	111	14.84
78	72	13.99
13	13	13.72
0	0	13.46
0	0	12.86
0	0	12.57
0	0	12.96
0	0	12.47
0	0	12.33
0	0	11.90
0	0	11.25
0	0	11.66
0	0	11.69
0	0	12.35
0	0	12.72
0	0	12.80
27	26	12.50
84	78	12.34
75	72	12.44
179	166	13.35
305	225	14.76
476	152	15.92
266	221	16.51
206	188	16.33
186	148	16.41
127	90	15.87
40	24	14.98
0	0	15.02
0	0	14.27
0	0	13.69
0	0	13.26
0	0	12.62
0	0	12.26
0	0	12.00
0	0	11.15
0	0	10.59
0	0	10.78
0	0	10.69
0	0	10.76
0	0	10.41
16	15	10.55
114	100	10.48
134	125	11.43
237	197	12.11
412	182	13.20
361	220	13.99
307	218	14.53
389	125	14.51
270	117	13.77
98	87	13.95
34	22	13.55
0	0	12.59
0	0	11.77
0	0	10.61
0	0	10.24
0	0	9.72
0	0	9.38
0	0	9.10
0	0	8.73
0	0	7.98
0	0	7.89
0	0	7.48
0	0	7.06
0	0	7.26
12	12	7.09
61	58	7.45
70	68	8.26
112	107	8.50
121	115	9.19
290	228	9.83
207	190	9.78
297	178	10.16
199	142	9.82
12	12	9.64
12	11	9.60
0	0	9.53
0	0	9.04
0	0	8.38
0	0	7.64
0	0	7.57
0	0	7.25
0	0	7.05
0	0	7.53
0	0	7.27
0	0	6.29
0	0	6.31
0	0	6.28
0	0	5.93
59	29	5.97
153	93	6.91
274	128	7.79
344	165	8.75
360	202	9.30
442	164	10.05
414	160	10.26
386	114	10.36
247	121	9.88
116	82	8.94
16	15	8.30
0	0	7.28
0	0	6.60
0	0	6.02
0	0	5.21
0	0	4.58
0	0	3.95
0	0	2.79
0	0	3.04
0	0	2.64
0	0	2.12
0	0	1.72
0	0	2.30
0	0	2.19
69	16	3.22
191	65	3.83
298	105	4.86
346	160	6.24
405	171	8.37
437	163	10.07
352	194	11.42
319	160	12.21
258	109	12.44
133	74	11.81
7	7	10.42
0	0	9.58
0	0	9.31
0	0	9.35
0	0	8.97
0	0	9.33
0	0	9.62
0	0	9.72
0	0	9.31
0	0	9.16
0	0	8.99
0	0	8.51
0	0	8.68
0	0	9.16
47	28	9.67
151	87	10.20
233	140	11.39
279	185	12.55
350	199	13.69
354	208	14.71
366	183	15.32
217	180	15.17
135	124	15.10
109	77	14.84
13	12	14.23
0	0	12.55
0	0	12.13
0	0	11.71
0	0	10.87
0	0	10.52
0	0	9.97
0	0	9.22
0	0	9.22
0	0	8.98
0	0	8.37
0	0	8.20
0	0	8.08
0	0	8.40
47	25	9.17
144	86	10.01
257	126	11.14
306	173	12.78
292	211	14.04
248	216	15.19
315	200	15.89
247	177	16.73
95	89	16.56
68	63	15.84
15	11	15.44
0	0	15.02
0	0	14.89
0	0	14.51
0	0	13.69
0	0	13.52
0	0	13.33
0	0	12.95
0	0	12.96
0	0	12.71
0	0	12.66
0	0	12.98
0	0	13.21
0	0	12.80
23	21	12.97
79	74	13.19
133	123	14.04
198	180	14.60
153	143	14.65
351	201	15.64
216	197	16.42
209	174	16.44
102	96	16.23
32	31	15.90
6	6	15.45
0	0	14.35
0	0	14.01
0	0	13.56
0	0	13.92
0	0	13.19
0	0	13.09
0	0	13.89
0	0	14.24
0	0	14.17
0	0	13.81
0	0	13.31
0	0	13.48
0	0	13.42
14	13	12.82
90	82	12.78
96	90	12.43
13	13	12.84
97	93	13.00
95	92	13.11
136	128	12.59
112	106	12.15
92	86	11.80
45	43	11.08
4	4	9.94
0	0	9.57
0	0	8.78
0	0	7.78
0	0	6.67
0	0	6.53
0	0	5.59
0	0	5.01
0	0	4.60
0	0	4.07
0	0	3.71
0	0	4.21
0	0	4.57
0	0	4.40
9	8	5.11
92	83	4.67
292	83	6.91
264	177	7.11
331	191	7.72
382	177	8.24
303	193	8.72
89	85	8.83
75	72	8.50
58	54	8.44
6	4	7.80
0	0	6.78
0	0	5.77
0	0	5.47
0	0	5.21
0	0	4.87
0	0	4.87
0	0	4.40
0	0	3.91
0	0	3.96
0	0	3.68
0	0	3.53
0	0	3.74
0	0	3.98
21	19	5.25
76	70	5.17
105	98	6.18
305	158	7.51
305	196	8.26
306	205	8.78
203	186	9.41
312	134	10.31
155	122	10.51
99	63	10.18
0	0	9.63
0	0	9.25
0	0	9.26
0	0	8.84
0	0	8.43
0	0	7.89
0	0	7.46
0	0	7.06
0	0	6.33
0	0	5.98
0	0	6.03
0	0	5.67
0	0	5.60
0	0	5.09
23	18	5.65
79	73	6.26
67	64	7.08
185	169	7.74
241	199	8.85
306	202	9.87
189	174	9.96
186	163	10.13
153	120	10.73
75	62	10.40
0	0	9.66
0	0	9.31
0	0	8.79
0	0	8.17
0	0	8.11
0	0	6.88
0	0	6.85
0	0	6.22
0	0	6.26
0	0	6.13
0	0	6.66
0	0	6.80
0	0	6.69
0	0	6.65
4	4	6.69
49	46	7.52
182	132	9.09
254	170	9.66
346	172	10.92
226	200	11.20
252	192	11.84
214	163	11.22
96	89	11.36
64	58	11.40
0	0	10.81
0	0	10.84
0	0	11.14
0	0	11.02
0	0	10.40
0	0	10.04
0	0	10.05
0	0	9.57
0	0	9.26
0	0	8.59
0	0	8.26
0	0	8.47
0	0	7.78
0	0	7.63
24	12	8.20
115	74	8.97
277	75	10.54
346	114	11.55
308	185	12.68
437	107	13.96
439	78	14.88
258	150	15.09
167	113	14.32
102	49	13.42
0	0	12.16
0	0	11.56
0	0	10.80
0	0	10.07
0	0	9.46
0	0	9.49
0	0	9.54
0	0	9.46
0	0	9.12
0	0	8.07
0	0	7.70
0	0	7.14
0	0	7.74
0	0	7.94
7	7	7.78
82	73	8.76
221	113	9.90
287	151	10.99
371	146	11.92
410	127	12.68
283	182	13.18
269	141	13.49
156	112	14.17
82	54	12.76
0	0	11.81
0	0	10.57
0	0	9.65
0	0	8.65
0	0	8.36
0	0	8.16
0	0	8.00
0	0	7.70
0	0	8.12
0	0	8.53
0	0	8.23
0	0	8.51
0	0	9.04
0	0	9.34
8	7	10.14
47	44	10.11
149	125	11.39
330	117	12.24
249	191	13.17
286	194	13.08
119	113	14.69
114	107	14.77
128	109	15.18
64	53	15.19
0	0	15.03
0	0	14.69
0	0	13.80
0	0	13.43
0	0	13.27
0	0	13.15
0	0	12.53
0	0	12.55
0	0	13.03
0	0	12.45
0	0	12.55
0	0	12.90
0	0	12.46
0	0	11.88
6	6	11.95
45	42	12.34
124	114	13.12
77	74	14.22
164	152	14.99
252	195	15.71
360	130	16.41
287	121	17.25
136	108	17.43
74	49	17.10
0	0	16.64
0	0	15.94
0	0	15.52
0	0	15.98
0	0	16.13
0	0	16.32
0	0	15.90
0	0	16.10
0	0	15.63
0	0	15.43
0	0	15.47
0	0	15.61
0	0	16.22
0	0	15.35
10	6	16.56
125	54	17.57
184	117	18.00
227	160	19.20
180	166	20.53
367	147	22.12
365	120	22.51
245	140	22.21
170	99	22.57
69	48	21.95
0	0	20.76
0	0	20.06
0	0	19.19
0	0	19.33
0	0	18.82
0	0	18.23
0	0	17.80
0	0	17.86
0	0	17.15
0	0	16.48
0	0	16.16
0	0	16.11
0	0	15.86
0	0	15.61
2	2	15.68
9	8	15.67
42	40	15.69
73	70	15.88
73	71	15.34
69	67	14.87
109	103	13.89
88	84	13.66
55	53	13.57
4	4	13.14
0	0	11.98
0	0	11.77
0	0	11.61
0	0	10.80
0	0	10.14
0	0	9.55
0	0	9.38
0	0	9.13
0	0	9.37
0	0	9.42
0	0	9.61
0	0	10.21
0	0	10.27
0	0	10.78
0	0	11.03
71	62	11.91
60	57	12.98
194	157	14.13
316	158	15.70
199	181	17.03
210	175	17.88
229	139	18.69
141	100	19.07
48	43	18.85
0	0	18.29
0	0	17.66
0	0	17.81
0	0	17.72
0	0	17.51
0	0	17.62
0	0	17.50
0	0	17.97
0	0	17.57
0	0	17.14
0	0	16.20
0	0	15.77
0	0	14.92
0	0	14.15
0	0	14.46
105	54	14.37
192	104	14.63
267	137	15.25
289	167	16.43
255	184	16.24
191	170	16.27
109	102	17.01
79	74	16.06
32	30	15.48
0	0	14.72
0	0	12.89
0	0	12.17
0	0	11.32
0	0	10.40
0	0	9.69
0	0	9.35
0	0	8.62
0	0	8.04
0	0	7.83
0	0	8.76
0	0	9.08
0	0	9.42
0	0	9.76
0	0	9.45
21	20	9.67
57	55	9.98
49	48	10.36
220	177	11.01
275	178	11.18
69	67	11.28
187	141	11.30
139	95	10.96
44	39	10.74
0	0	11.08
0	0	9.76
0	0	9.61
0	0	8.66
0	0	8.89
0	0	8.97
0	0	8.27
0	0	7.83
0	0	8.03
0	0	7.76
0	0	7.28
0	0	7.42
0	0	7.76
0	0	7.40
0	0	7.53
20	20	7.30
40	39	7.87
26	25	8.10
45	44	8.30
156	145	8.10
84	81	7.97
98	92	8.40
40	39	8.38
15	14	8.11
0	0	8.18
0	0	7.11
0	0	6.83
0	0	6.93
0	0	6.79
0	0	7.11
0	0	7.28
0	0	7.84
0	0	7.98
0	0	7.75
0	0	7.70
0	0	7.61
0	0	8.26
0	0	8.66
0	0	9.04
66	55	9.08
96	89	10.14
105	99	11.16
247	170	12.08
227	179	12.75
132	124	13.07
93	88	13.59
129	91	13.34
38	34	12.95
0	0	12.51
0	0	12.01
0	0	12.46
0	0	12.64
0	0	11.95
0	0	11.36
0	0	11.13
0	0	13.45
0	0	13.26
0	0	12.99
0	0	11.99
0	0	11.73
0	0	11.18
0	0	10.99
0	0	10.44
25	24	10.28
113	103	10.56
202	145	10.24
178	163	10.25
230	176	11.01
88	84	11.04
195	132	10.97
50	48	10.58
6	6	9.66
0	0	9.09
0	0	8.35
0	0	8.50
0	0	8.25
0	0	7.22
0	0	6.54
0	0	6.05
0	0	5.26
0	0	5.43
0	0	5.00
0	0	4.93
0	0	4.70
0	0	3.81
0	0	3.23
0	0	2.90
39	37	2.81
142	104	2.77
103	97	2.23
153	142	2.77
268	167	3.31
91	87	4.01
165	132	3.69
87	80	3.50
4	4	2.61
0	0	1.93
0	0	1.23
0	0	0.11
0	0	-0.43
0	0	-0.42
0	0	-0.08
0	0	-0.29
0	0	-0.30
0	0	-0.49
0	0	-0.88
0	0	-0.85
0	0	0.16
0	0	0.75
0	0	1.27
0	0	1.49
34	32	1.72
119	101	2.40
129	119	3.45
200	165	4.41
227	172	5.09
295	129	5.41
117	109	6.09
101	85	4.88
9	9	4.76
0	0	4.18
0	0	4.08
0	0	3.50
0	0	3.62
0	0	3.68
0	0	2.41
0	0	2.46
0	0	2.39
0	0	2.54
0	0	2.41
0	0	2.59
0	0	2.17
0	0	1.47
0	0	1.68
0	0	1.85
17	17	2.19
66	62	2.20
240	124	2.68
219	163	2.73
214	170	2.60
296	124	2.30
180	127	2.78
62	59	2.44
16	15	1.66
0	0	1.30
0	0	1.27
0	0	1.01
0	0	1.25
0	0	0.73
0	0	0.29
0	0	0.18
0	0	-0.61
0	0	-0.97
0	0	-1.75
0	0	-1.83
0	0	-2.16
0	0	-1.95
0	0	-1.98
0	0	-2.18
24	23	-1.25
143	96	-0.44
166	137	-0.07
300	129	0.66
178	162	0.48
96	91	0.89
129	118	0.48
30	29	0.50
17	16	0.65
0	0	-0.37
0	0	-0.90
0	0	-1.14
0	0	-1.76
0	0	-1.21
0	0	-1.17
0	0	-0.82
0	0	-1.05
0	0	-1.16
0	0	-1.46
0	0	-1.94
0	0	-2.42
0	0	-1.79
0	0	-1.77
0	0	-1.47
37	34	-1.68
116	95	-1.99
138	126	-1.63
209	159	-0.66
214	165	0.38
126	118	0.59
49	47	0.79
86	77	0.64
14	14	0.45
0	0	0.82
0	0	0.53
0	0	0.20
0	0	0.40
0	0	0.17
0	0	0.08
0	0	0.71
0	0	0.10
0	0	-0.24
0	0	0.31
0	0	-0.21
0	0	-0.28
0	0	0.29
0	0	0.49
0	0	0.21
43	39	0.77
104	92	1.62
152	132	2.06
166	152	2.72
123	115	3.09
157	143	3.94
69	66	3.76
112	76	3.29
14	13	2.84
0	0	3.34
0	0	2.93
0	0	3.26
0	0	2.67
0	0	2.87
0	0	2.46
0	0	1.78
0	0	2.40
0	0	2.23
0	0	1.88
0	0	2.09
0	0	1.63
0	0	2.26
0	0	1.59
0	0	1.08
56	38	1.03
183	63	1.13
274	80	1.29
256	142	2.58
257	152	2.94
218	147	3.50
156	120	3.64
101	75	3.18
20	18	3.58
0	0	3.41
0	0	2.77
0	0	2.26
0	0	1.71
0	0	1.67
0	0	0.74
0	0	0.32
0	0	-0.08
0	0	-0.13
0	0	0.19
0	0	0.59
0	0	0.46
0	0	0.77
0	0	1.56
0	0	2.14
55	36	2.49
118	89	3.08
151	128	3.70
305	106	4.91
235	156	5.96
183	147	6.54
82	78	6.67
39	38	7.10
15	14	6.90
0	0	6.91
0	0	7.02
0	0	7.34
0	0	6.98
0	0	6.92
0	0	6.67
0	0	6.49
0	0	6.28
0	0	6.87
0	0	7.25
0	0	6.76
0	0	6.35
0	0	5.96
0	0	5.80
0	0	6.36
26	25	6.52
122	87	7.06
158	127	7.97
131	122	8.52
203	157	8.82
213	142	8.95
208	98	9.69
46	44	9.56
20	17	10.04
0	0	9.77
0	0	9.13
0	0	9.41
0	0	9.41
0	0	9.64
0	0	9.65
0	0	9.60
0	0	9.11
0	0	9.65
0	0	9.73
0	0	9.85
0	0	9.05
0	0	9.41
0	0	9.43
0	0	9.24
9	9	9.34
62	58	9.97
155	125	10.50
175	148	11.31
209	155	11.57
170	143	12.66
114	105	12.59
7	7	12.47
8	8	12.38
0	0	12.74
0	0	12.35
0	0	11.87
0	0	12.14
0	0	12.34
0	0	11.74
0	0	10.85
0	0	10.57
0	0	11.11
0	0	10.95
0	0	10.92
0	0	11.09
0	0	11.08
0	0	10.76
0	0	10.38
14	13	10.45
37	36	10.51
62	59	10.90
70	67	9.71
71	69	9.58
72	69	8.72
33	32	8.85
42	40	8.55
5	5	8.55
0	0	8.21
0	0	7.67
0	0	6.80
0	0	6.84
0	0	6.33
0	0	6.24
0	0	6.35
0	0	6.09
0	0	6.02
0	0	6.18
0	0	5.54
0	0	5.83
0	0	6.03
0	0	6.43
0	0	6.61
14	14	6.97
97	81	7.50
113	104	8.48
144	133	9.45
150	138	9.58
193	139	10.45
215	82	10.65
42	40	10.87
7	6	10.82
0	0	11.03
0	0	11.49
0	0	11.84
0	0	11.89
0	0	12.29
0	0	12.51
0	0	13.24
0	0	13.02
0	0	12.87
0	0	12.85
0	0	12.99
0	0	12.62
0	0	12.53
0	0	12.80
0	0	12.62
28	26	12.70
62	58	13.03
117	107	12.66
235	132	13.11
204	149	13.20
146	133	12.95
88	82	12.56
47	45	12.09
14	11	12.13
0	0	12.08
0	0	11.42
0	0	11.21
0	0	10.45
0	0	10.38
0	0	9.87
0	0	9.49
0	0	8.68
0	0	8.92
0	0	9.12
0	0	9.27
0	0	9.81
0	0	10.00
0	0	9.86
0	0	10.49
27	25	11.12
146	61	11.57
213	98	12.47
255	118	13.91
250	133	14.62
158	135	14.61
104	96	14.70
93	62	14.64
13	10	14.68
0	0	13.80
0	0	13.66
0	0	13.03
0	0	13.18
0	0	13.20
0	0	13.45
0	0	13.06
0	0	12.99
0	0	12.75
0	0	11.84
0	0	11.49
0	0	11.29
0	0	11.38
0	0	11.40
0	0	10.96
32	24	11.28
54	51	11.80
136	115	12.41
195	139	12.80
246	132	12.85
238	115	13.84
93	86	13.18
47	44	13.26
7	6	12.50
0	0	12.50
0	0	11.50
0	0	11.54
0	0	11.43
0	0	11.12
0	0	10.63
0	0	10.45
0	0	9.56
0	0	9.64
0	0	8.79
0	0	9.81
0	0	9.16
0	0	9.62
0	0	9.75
0	0	10.18
15	14	10.25
65	60	10.59
100	93	10.71
102	96	10.39
77	74	10.97
24	23	11.55
21	20	11.68
7	6	12.02
4	4	12.29
0	0	11.72
0	0	12.08
0	0	12.01
0	0	11.73
0	0	11.89
0	0	11.06
0	0	11.14
0	0	10.86
0	0	11.09
0	0	10.21
0	0	10.21
0	0	10.43
0	0	11.06
0	0	11.45
0	0	11.08
5	5	10.61
76	69	10.21
92	86	10.17
191	135	10.74
170	142	11.55
131	121	11.77
64	61	11.78
24	23	11.57
6	5	11.70
0	0	11.10
0	0	10.69
0	0	10.58
0	0	9.68
0	0	9.34
0	0	9.22
0	0	9.74
0	0	9.23
0	0	8.72
0	0	8.73
0	0	8.35
0	0	8.41
0	0	8.17
0	0	7.82
0	0	7.28
8	8	7.46
20	19	6.69
50	48	6.25
25	24	5.62
72	69	5.76
21	21	5.72
21	21	5.84
26	25	5.30
2	2	5.15
0	0	5.12
0	0	4.82
0	0	4.17
0	0	3.81
0	0	3.61
0	0	3.07
0	0	1.90
0	0	1.97
0	0	1.85
0	0	1.78
0	0	1.61
0	0	1.32
0	0	1.33
0	0	1.20
0	0	1.14
9	9	1.30
55	51	0.99
113	103	1.63
65	63	1.94
35	35	2.24
80	76	2.19
33	33	1.85
19	18	2.53
0	0	2.67
0	0	3.08
0	0	2.98
0	0	1.85
0	0	1.31
0	0	0.72
0	0	0.41
0	0	0.31
0	0	-0.07
0	0	0.10
0	0	0.08
0	0	0.14
0	0	0.43
0	0	0.45
0	0	0.17
0	0	0.64
16	15	0.85
53	50	1.53
147	106	1.82
181	130	2.25
167	137	2.52
135	123	3.00
39	38	3.53
8	7	3.55
0	0	3.49
0	0	3.48
0	0	3.68
0	0	3.26
0	0	3.21
0	0	3.17
0	0	3.16
0	0	3.03
0	0	2.67
0	0	2.33
0	0	2.21
0	0	2.02
0	0	1.69
0	0	1.88
0	0	1.95
0	0	2.02
15	14	1.85
68	62	1.48
99	92	0.97
131	120	0.73
141	129	0.87
112	104	1.01
22	21	0.85
25	24	0.77
0	0	0.21
0	0	0.02
0	0	-0.03
0	0	-0.18
0	0	-0.47
0	0	-0.30
0	0	-0.51
0	0	-1.00
0	0	-0.47
0	0	-0.22
0	0	-0.46
0	0	-0.38
0	0	-0.36
0	0	-0.49
0	0	-0.20
0	0	0.45
4	4	0.37
50	47	1.29
132	103	1.61
205	120	2.84
193	133	3.31
192	118	3.35
129	95	3.48
99	42	2.95
0	0	3.01
0	0	2.72
0	0	2.01
0	0	1.78
0	0	1.80
0	0	1.44
0	0	1.48
0	0	1.75
0	0	2.56
0	0	1.65
0	0	0.63
0	0	1.34
0	0	2.00
0	0	2.16
0	0	2.48
0	0	1.78
4	4	2.52
83	62	2.69
138	101	3.61
189	123	4.51
194	131	4.86
160	122	5.62
119	94	4.81
45	42	3.96
0	0	3.53
0	0	2.59
0	0	2.19
0	0	1.83
0	0	1.56
0	0	1.38
0	0	1.21
0	0	0.63
0	0	1.05
0	0	1.47
0	0	1.00
0	0	1.66
0	0	1.53
0	0	2.17
0	0	2.78
0	0	4.41
13	10	5.10
75	60	5.99
188	79	6.69
146	124	7.82
56	54	8.61
135	119	9.38
156	85	9.37
68	50	9.47
0	0	9.91
0	0	10.03
0	0	10.15
0	0	9.64
0	0	10.05
0	0	10.27
0	0	10.11
0	0	10.30
0	0	10.25
0	0	10.18
0	0	9.89
0	0	10.22
0	0	9.95
0	0	9.66
0	0	9.25
0	0	8.97
6	6	9.32
34	33	8.56
67	63	7.82
203	113	7.89
205	124	8.50
110	102	8.61
31	30	8.38
51	46	8.09
0	0	7.65
0	0	6.50
0	0	6.59
0	0	5.74
0	0	5.39
0	0	4.94
0	0	5.11
0	0	4.50
0	0	4.65
0	0	4.50
0	0	4.51
0	0	3.65
0	0	3.99
0	0	3.56
0	0	3.28
0	0	3.42
7	6	2.79
36	35	3.36
83	77	3.40
183	118	2.90
200	124	2.79
49	47	3.04
74	69	4.15
17	16	3.92
0	0	3.44
0	0	3.49
0	0	2.87
0	0	2.82
0	0	2.04
0	0	1.70
0	0	1.05
0	0	1.02
0	0	1.23
0	0	1.40
0	0	1.97
0	0	2.41
0	0	2.43
0	0	2.78
0	0	2.92
0	0	2.87
2	2	3.75
5	5	4.20
6	6	3.81
53	51	4.25
65	62	4.39
38	37	4.39
24	24	4.86
3	3	4.96
0	0	5.00
0	0	5.54
0	0	5.75
0	0	6.43
0	0	7.08
0	0	6.27
0	0	5.93
0	0	6.09
0	0	6.25
0	0	5.81
0	0	5.58
0	0	6.03
0	0	6.66
0	0	7.24
0	0	6.95
0	0	7.00
1	1	7.24
18	17	6.88
13	13	7.57
21	21	8.05
71	68	9.03
52	50	9.01
15	15	9.40
6	6	9.95
0	0	10.57
0	0	10.52
0	0	11.26
0	0	12.17
0	0	12.31
0	0	12.25
0	0	12.14
0	0	12.34
0	0	12.84
0	0	13.01
0	0	12.42
0	0	12.84
0	0	12.49
0	0	13.09
0	0	13.18
0	0	13.00
0	0	13.29
50	46	13.18
88	81	13.25
117	108	13.44
135	122	13.83
170	113	14.00
124	87	13.76
17	16	14.82
0	0	13.86
0	0	12.99
0	0	12.44
0	0	11.93
0	0	11.71
0	0	11.12
0	0	10.66
0	0	10.95
0	0	8.67
0	0	8.48
0	0	8.29
0	0	8.14
0	0	7.84
0	0	8.64
0	0	8.03
0	0	8.51
0	0	8.75
11	11	8.88
93	85	9.10
113	104	10.00
33	32	10.51
48	46	11.00
35	34	11.03
19	18	10.63
0	0	10.50
0	0	10.54
0	0	10.38
0	0	10.40
0	0	11.28
0	0	11.74
0	0	11.52
0	0	11.62
0	0	11.21
0	0	10.96
0	0	10.66
0	0	10.84
0	0	10.64
0	0	10.65
0	0	10.73
0	0	11.00
0	0	11.29
14	13	11.13
24	24	11.61
53	51	11.81
35	34	12.20
32	31	12.59
10	10	12.41
16	16	12.32
0	0	12.58
0	0	12.11
0	0	12.43
0	0	11.83
0	0	12.33
0	0	12.34
0	0	12.19
0	0	11.96
0	0	12.43
0	0	11.57
0	0	11.10
0	0	10.99
0	0	10.68
0	0	10.02
0	0	10.33
0	0	9.94
0	0	9.34
10	10	8.38
41	40	7.94
41	40	6.80
54	52	6.64
14	13	6.11
18	17	5.55
9	9	5.59
0	0	5.30
0	0	5.70
0	0	5.86
0	0	5.27
0	0	4.46
0	0	4.27
0	0	3.74
0	0	3.64
0	0	3.50
0	0	3.29
0	0	2.97
0	0	2.93
0	0	2.75
0	0	2.89
0	0	2.40
0	0	1.95
0	0	2.07
21	20	2.20
84	78	2.65
57	54	2.12
118	108	2.02
48	47	1.96
75	70	1.99
53	43	1.44
0	0	0.56
0	0	0.10
0	0	-0.23
0	0	-0.52
0	0	-0.72
0	0	-0.73
0	0	-0.83
0	0	-0.56
0	0	-0.39
0	0	0.15
0	0	-1.11
0	0	-0.51
0	0	-0.47
0	0	-0.27
0	0	-0.27
0	0	0.33
0	0	-0.06
46	42	0.65
85	78	0.51
140	112	1.82
145	120	2.73
121	108	2.47
73	68	2.89
13	12	2.95
0	0	2.88
0	0	3.72
0	0	3.81
0	0	4.42
0	0	4.69
0	0	5.09
0	0	5.71
0	0	5.94
0	0	6.03
0	0	5.58
0	0	5.51
0	0	5.95
0	0	6.00
0	0	5.75
0	0	5.93
0	0	6.34
0	0	6.29
98	25	6.47
106	86	7.18
122	109	7.02
207	105	6.84
97	90	6.79
80	74	6.99
47	42	6.31
0	0	5.82
0	0	5.77
0	0	5.17
0	0	4.98
0	0	5.06
0	0	4.66
0	0	4.72
0	0	5.04
0	0	5.10
0	0	5.25
0	0	4.91
0	0	4.09
0	0	4.06
0	0	3.55
0	0	3.85
0	0	2.80
0	0	3.36
38	35	2.65
118	84	1.87
188	98	1.86
117	108	1.75
131	109	1.76
86	79	1.61
64	41	2.06
0	0	1.91
0	0	2.24
0	0	2.01
0	0	2.18
0	0	2.09
0	0	1.53
0	0	1.75
0	0	1.51
0	0	1.47
0	0	0.71
0	0	0.61
0	0	0.54
0	0	0.61
0	0	-0.07
0	0	0.31
0	0	-0.57
0	0	-0.94
52	43	-0.73
124	82	-0.36
174	103	-0.76
149	118	-0.74
151	108	-1.28
72	67	-1.26
19	18	-1.84
0	0	-3.29
0	0	-2.62
0	0	-2.39
0	0	-2.58
0	0	-3.04
0	0	-3.98
0	0	-5.01
0	0	-5.03
0	0	-6.08
0	0	-6.39
0	0	-6.60
0	0	-6.89
0	0	-7.00
0	0	-6.52
0	0	-6.73
0	0	-6.70
0	0	-6.64
46	41	-6.38
107	83	-5.92
114	104	-5.66
168	116	-5.42
146	108	-4.90
153	65	-5.17
43	40	-5.64
0	0	-5.09
0	0	-5.29
0	0	-5.45
0	0	-5.51
0	0	-6.05
0	0	-5.66
0	0	-5.76
0	0	-6.18
0	0	-6.62
0	0	-6.34
0	0	-5.42
0	0	-5.67
0	0	-5.77
0	0	-5.19
0	0	-5.71
0	0	-5.59
0	0	-4.64
26	25	-3.87
76	70	-2.77
153	107	-2.41
123	112	-1.44
128	107	-1.28
146	69	-0.99
32	30	-0.80
0	0	-1.03
0	0	-0.52
0	0	-0.54
0	0	-1.50
0	0	-1.62
0	0	-1.91
0	0	-1.35
0	0	-0.29
0	0	-0.19
0	0	-0.30
0	0	-0.67
0	0	-0.40
0	0	-0.56
0	0	-0.33
0	0	-0.25
0	0	-0.15
0	0	0.61
60	39	0.93
121	79	1.88
172	100	2.69
158	115	2.99
177	99	3.28
80	73	3.38
35	33	3.59
0	0	3.48
0	0	3.04
0	0	3.00
0	0	2.54
0	0	2.68
0	0	2.60
0	0	2.50
0	0	3.04
0	0	2.74
0	0	2.28
0	0	1.38
0	0	1.02
0	0	0.70
0	0	1.34
0	0	0.47
0	0	0.62
0	0	-0.09
27	26	-0.45
52	49	-0.33
121	105	-0.13
115	106	-0.65
41	40	-0.68
31	30	-0.63
17	16	-0.98
0	0	-1.11
0	0	-1.33
0	0	-1.85
0	0	-1.72
0	0	-1.76
0	0	-2.34
0	0	-2.58
0	0	-2.14
0	0	-2.28
0	0	-2.36
0	0	-2.18
0	0	-2.08
0	0	-2.19
0	0	-2.06
0	0	-2.43
0	0	-2.13
0	0	-2.10
8	8	-2.19
36	34	-1.99
75	71	-1.15
153	115	-0.82
168	101	-0.02
74	68	-0.08
42	38	-0.41
0	0	-0.50
0	0	-0.66
0	0	-0.79
0	0	-1.16
0	0	-1.85
0	0	-1.10
0	0	-1.00
0	0	-1.09
0	0	-0.81
0	0	-0.64
0	0	-0.94
0	0	-0.59
0	0	-0.51
0	0	-0.85
0	0	-0.24
0	0	-0.56
0	0	-0.33
40	37	-0.27
96	79	0.75
142	105	1.15
149	114	0.99
87	81	1.11
101	81	1.28
38	35	0.63
0	0	0.29
0	0	0.01
0	0	-0.47
0	0	-0.72
0	0	-0.33
0	0	-0.97
0	0	-0.74
0	0	-0.46
0	0	-0.32
0	0	-0.44
0	0	-0.64
0	0	-0.69
0	0	-0.73
0	0	-0.34
0	0	0.50
0	0	0.70
0	0	0.68
50	37	0.06
130	72	-0.10
164	100	1.00
140	114	2.15
189	90	2.52
109	81	2.33
64	39	2.48
0	0	2.39
0	0	1.36
0	0	1.43
0	0	1.06
0	0	0.88
0	0	0.83
0	0	0.70
0	0	0.22
0	0	-0.58
0	0	-0.43
0	0	0.10
0	0	-0.16
0	0	0.07
0	0	-0.39
0	0	0.37
0	0	0.10
0	0	0.19
46	37	0.12
146	61	0.84
174	95	1.59
141	114	0.82
80	75	1.13
71	66	1.46
44	40	1.71
0	0	1.83
0	0	1.36
0	0	0.75
0	0	0.45
0	0	-0.23
0	0	-0.62
0	0	-1.41
0	0	-1.37
0	0	-1.60
0	0	-1.52
0	0	-1.47
0	0	-2.18
0	0	-2.16
0	0	-2.02
0	0	-2.34
0	0	-2.19
0	0	-1.69
8	7	-1.59
106	77	-1.12
137	104	-0.68
104	96	-0.41
107	98	-0.72
38	36	0.09
27	25	0.40
0	0	0.68
0	0	0.25
0	0	0.15
0	0	0.20
0	0	0.14
0	0	-0.02
0	0	-0.46
0	0	-0.79
0	0	-1.47
0	0	-1.29
0	0	-1.11
0	0	-1.35
0	0	-0.48
0	0	0.23
0	0	1.32
0	0	2.05
0	0	2.76
19	18	3.02
11	11	4.01
58	55	4.50
141	113	5.75
133	106	6.50
82	75	7.34
5	5	7.53
0	0	7.53
0	0	7.81
0	0	8.52
0	0	8.32
0	0	8.40
0	0	8.76
0	0	9.67
0	0	9.82
0	0	10.36
0	0	10.15
0	0	9.22
0	0	9.32
0	0	8.98
0	0	8.86
0	0	8.25
0	0	7.88
0	0	7.75
16	15	7.44
22	22	7.31
53	50	7.81
85	80	8.24
64	61	7.97
67	62	8.50
32	30	8.80
0	0	8.90
0	0	8.54
0	0	8.40
0	0	8.14
0	0	7.50
0	0	6.95
0	0	6.18
0	0	5.15
0	0	5.19
0	0	4.97
0	0	4.29
0	0	4.17
0	0	4.41
0	0	4.44
0	0	3.98
0	0	3.30
0	0	3.10
32	30	3.64
165	40	4.32
126	103	5.47
161	112	5.95
110	101	6.66
46	44	6.32
46	41	6.57
0	0	6.43
0	0	6.77
0	0	6.37
0	0	5.73
0	0	6.20
0	0	6.29
0	0	6.40
0	0	6.45
0	0	6.93
0	0	6.26
0	0	5.78
0	0	4.87
0	0	4.76
0	0	4.84
0	0	4.22
0	0	3.82
0	0	3.17
16	15	3.43
20	19	4.04
87	81	4.20
93	86	4.10
60	57	3.88
73	67	4.20
38	35	3.58
0	0	3.32
0	0	3.32
0	0	3.32
0	0	3.19
0	0	3.01
0	0	2.39
0	0	1.63
0	0	1.02
0	0	1.03
0	0	1.05
0	0	1.03
0	0	0.51
0	0	1.22
0	0	0.99
0	0	1.01
0	0	0.72
0	0	0.18
12	12	1.02
54	50	1.46
97	90	1.33
105	97	0.99
63	60	1.41
41	39	1.82
12	12	1.66
0	0	1.40
0	0	0.79
0	0	0.51
0	0	1.03
0	0	1.42
0	0	1.73
0	0	1.80
0	0	2.36
0	0	2.67
0	0	2.92
0	0	3.44
0	0	3.45
0	0	3.69
0	0	3.42
0	0	2.91
0	0	3.06
0	0	2.89
21	20	3.29
109	74	3.67
112	100	4.34
94	87	4.56
88	82	5.46
41	40	5.46
22	21	5.79
0	0	5.50
0	0	5.53
0	0	5.47
0	0	5.11
0	0	4.73
0	0	5.20
0	0	5.68
0	0	5.53
0	0	5.27
0	0	5.60
0	0	5.39
0	0	5.28
0	0	5.27
0	0	4.48
0	0	4.53
0	0	4.80
0	0	4.68
17	17	4.42
68	63	4.69
55	52	4.57
86	80	4.80
68	64	5.25
37	36	5.29
19	18	5.02
0	0	4.51
0	0	4.59
0	0	4.46
0	0	4.28
0	0	4.65
0	0	5.29
0	0	6.02
0	0	6.03
0	0	5.77
0	0	5.67
0	0	5.58
0	0	5.63
0	0	5.84
0	0	6.76
0	0	6.65
0	0	6.74
0	0	7.34
15	14	7.20
12	11	7.84
72	68	7.82
53	51	8.07
79	74	8.34
57	54	8.78
33	31	9.35
0	0	9.29
0	0	10.19
0	0	9.97
0	0	9.87
0	0	9.41
0	0	9.74
0	0	9.51
0	0	9.39
0	0	9.47
0	0	9.65
0	0	9.56
0	0	9.72
0	0	9.10
0	0	8.90
0	0	8.87
0	0	8.67
0	0	8.37
36	32	8.23
81	73	8.20
130	103	7.87
135	114	8.40
144	108	8.82
135	79	8.44
20	20	8.15
0	0	8.04
0	0	7.01
0	0	6.71
0	0	5.96
0	0	6.33
0	0	5.55
0	0	5.09
0	0	5.36
0	0	4.42
0	0	4.24
0	0	4.32
0	0	3.78
0	0	4.08
0	0	3.73
0	0	3.47
0	0	3.74
0	0	3.86
9	9	4.04
41	39	4.15
52	50	4.49
98	91	5.52
132	108	5.44
89	81	5.84
45	41	5.28
0	0	5.48
0	0	4.98
0	0	4.58
0	0	4.11
0	0	3.52
0	0	3.66
0	0	3.33
0	0	3.54
0	0	3.04
0	0	2.26
0	0	2.46
0	0	2.24
0	0	2.48
0	0	2.36
0	0	2.31
0	0	1.46
0	0	1.37
9	9	1.33
19	19	1.36
76	72	1.27
50	49	1.07
73	69	1.35
87	80	1.80
22	21	1.41
0	0	1.26
0	0	1.06
0	0	0.38
0	0	-0.21
0	0	-1.03
0	0	-1.36
0	0	-1.69
0	0	-1.46
0	0	-1.79
0	0	-2.13
0	0	-2.18
0	0	-2.28
0	0	-2.27
0	0	-2.83
0	0	-2.85
0	0	-2.32
0	0	-1.58
16	15	-1.64
53	50	-1.41
149	103	-1.00
158	115	-0.31
65	62	0.15
73	68	0.17
32	30	0.16
0	0	-0.05
0	0	-0.27
0	0	-0.06
0	0	0.20
0	0	0.15
0	0	0.87
0	0	0.79
0	0	1.31
0	0	1.38
0	0	1.86
0	0	2.48
0	0	2.59
0	0	2.96
0	0	2.83
0	0	2.48
0	0	2.28
0	0	2.13
17	17	1.98
23	22	1.87
105	97	2.24
176	112	3.00
89	83	3.06
48	46	3.12
8	8	3.22
0	0	2.58
0	0	2.86
0	0	2.51
0	0	3.03
0	0	2.77
0	0	2.57
0	0	2.80
0	0	2.79
0	0	2.58
0	0	2.38
0	0	2.72
0	0	2.78
0	0	3.77
0	0	3.93
0	0	4.32
0	0	4.77
0	0	4.66
25	23	4.97
49	46	5.61
55	53	5.64
118	108	5.72
55	53	5.87
26	26	5.47
32	30	5.68
0	0	5.95
0	0	6.25
0	0	6.22
0	0	6.41
0	0	6.21
0	0	6.41
0	0	6.33
0	0	6.57
